Gene	cell1	cell2	cell3	cell4	cell5	cell6	cell7	cell8	cell9	cell10	cell11	cell12	cell13	cell14	cell15	cell16	cell17	cell18	cell19	cell20	cell21	cell22	cell23	cell24	cell25	cell26	cell27	cell28	cell29	cell30	cell999	cell1000	cell1001	cell1002	cell1003	cell1004	cell1005	cell1006	cell1007	cell1008	cell1009	cell1010	cell1011	cell1012	cell1013	cell1014	cell1015	cell1016	cell1017	cell1018
NOC2L	0	7.58279827755853	0	0	0	0	0	0	0	0	4.32619444724632	0	0	0	0	0	0	0	4.91159135559921	0	0	0	0	0	0	0	0	0	0	0	0	0	1.55933260564478	0	3.07881773399015	0	0	0	0	2.90023201856148	0	0	0	0	6.86635567134482	0	0	4.97512437810945	0	0
ISG15	11.153245594468	0	0	0	0	0	3.30141961043249	0	0	0	0	0	5.98086124401914	5.13522766175967	6.53253200940685	0	0	0	0	0	0	0	0	2.72350280938192	7.66283524904215	0	0	0	0	0	10.3950103950104	0	0	2.39693192713327	6.1576354679803	0	0	0	2.9603315571344	8.70069605568446	0	3.21957501609788	4.07830342577488	0	6.86635567134482	0	0	0	0	0
SDF4	0	0	0	0	3.10077519379845	0	3.30141961043249	0	0	0	0	0	0	0	0	0	0	0	0	0	0	0	0	0	0	0	0	0	0	0	0	0	0	0	0	0	0	5.15463917525773	0	0	0	0	0	3.79794910748196	0	6.64719170537437	11.6189686919928	0	0	0
UBE2J2	0	0	0	0	0	0	0	0	0	0	4.32619444724632	0	0	0	0	0	0	0	0	0	0	0	0	0	0	0	0	17.7958946084375	0	0	0	0	1.55933260564478	0	0	0	0	0	0	0	0	0	0	0	0	0	0	0	14.5548260249521	0
CPSF3L	0	0	0	0	6.2015503875969	0	0	0	2.80269058295964	0	0	0	0	0	0	0	0	0	0	0	0	0	0	0	0	0	0	0	0	0	0	0	0	0	3.07881773399015	0	0	0	0	0	0	0	0	0	0	0	0	0	0	0
AURKAIP1	0	0	0	0	0	0	3.30141961043249	0	0	0	0	0	0	1.71174255391989	0	7.78195814847779	0	0	4.91159135559921	0	5.16129032258065	0	0	0	7.66283524904215	0	0	17.7958946084375	3.1776434604436	0	0	3.04878048780488	0	2.39693192713327	0	0	0	0	0	0	0	0	0	0	0	9.99609046707766	0	0	0	0
CCNL2	0	11.6470459119408	0	0	0	10.7642626480086	0	0	0	0	7.20003844237976	0	0	0	0	0	0	0	0	8.63557858376511	0	0	0	2.72350280938192	0	0	0	0	0	0	0	0	0	0	0	0	0	0	0	0	0	0	0	0	0	0	0	0	0	0
MRPL20	0	0	0	0	0	0	3.30141961043249	0	0	0	4.32619444724632	0	0	0	1.30650640188137	7.78195814847779	0	0	0	0	2.58064516129032	0	0	0	0	0	0	0	0	0	10.3950103950104	0	0	0	0	0	0	0	2.9603315571344	2.90023201856148	0	0	4.07830342577488	0	0	0	11.6189686919928	0	0	0
SSU72	0	0	0	0	0	0	0	0	2.80269058295964	0	0	10.5042016806723	5.98086124401914	0	1.30650640188137	0	0	0	0	0	0	0	6.66222518321119	0	0	0	0	0	0	0	0	0	3.11866521128957	2.39693192713327	0	0	0	0	2.9603315571344	2.90023201856148	0	0	8.15660685154976	0	0	0	0	0	0	10.515247108307
CDK11B	0	0	0	0	0	0	0	0	0	0	0	0	0	0	0	0	0	0	0	0	0	0	0	0	0	0	0	0	0	0	0	0	0	0	0	0	0	0	2.9603315571344	0	0	0	0	0	0	6.64719170537437	0	0	0	0
SLC35E2B	0	0	0	0	0	0	0	0	0	0	0	0	0	0	0	0	0	0	0	0	0	0	0	0	7.66283524904215	0	0	0	0	0	0	0	0	0	0	0	0	0	0	0	0	0	0	0	0	0	0	0	0	0
NADK	0	0	0	0	0	0	0	0	0	0	0	0	0	0	0	0	0	0	0	0	0	0	0	2.72350280938192	0	0	0	0	5.43143277221649	0	0	0	0	0	0	0	0	0	0	0	0	0	0	0	0	0	0	0	0	0
GNB1	0	0	0	0	0	0	0	0	0	0	0	0	0	0	1.30650640188137	0	0	0	0	0	0	0	6.66222518321119	0	0	0	0	0	3.1776434604436	0	0	0	0	0	0	11.9331742243437	0	0	2.9603315571344	0	0	0	0	0	0	6.64719170537437	0	0	0	0
FAAP20	0	0	0	0	0	0	0	0	0	0	4.32619444724632	0	0	0	0	7.78195814847779	0	0	0	0	0	0	6.66222518321119	0	0	0	0	0	0	0	0	0	0	0	3.07881773399015	0	0	0	0	0	0	0	4.07830342577488	0	0	0	0	0	0	0
RER1	2.2306491188936	0	0	0	0	0	0	0	0	0	0	0	0	1.71174255391989	1.30650640188137	0	5.55864369093941	0	0	0	0	0	0	0	0	0	0	0	3.1776434604436	0	0	0	3.11866521128957	4.79386385426654	0	0	0	0	2.9603315571344	2.90023201856148	0	3.21957501609788	0	0	6.86635567134482	6.64719170537437	0	0	0	0
TNFRSF14	0	0	0	0	0	0	0	0	2.80269058295964	0	0	0	0	0	0	0	0	0	0	0	5.16129032258065	0	0	0	0	0	0	0	3.1776434604436	0	0	3.04878048780488	1.55933260564478	0	0	0	0	0	0	0	0	3.21957501609788	0	0	0	0	0	0	0	0
TPRG1L	0	0	0	0	0	0	0	0	0	0	0	0	0	0	0	0	0	0	0	0	0	0	0	0	0	0	0	0	0	0	0	0	0	0	0	0	0	0	0	0	0	0	0	0	0	0	0	0	0	0
C1orf174	0	0	0	0	0	0	0	0	0	0	0	0	0	0	0	0	0	0	0	0	0	9.50570342205323	0	0	7.66283524904215	0	0	0	0	0	0	0	0	0	0	0	0	0	2.9603315571344	0	0	0	0	0	0	0	0	0	0	0
KCNAB2	0	0	0	0	0	0	0	5.75043128234618	0	0	0	0	0	0	1.30650640188137	0	0	0	0	0	0	0	0	0	0	0	0	0	0	0	0	3.04878048780488	0	0	0	0	0	0	0	0	0	0	0	0	0	0	0	0	0	0
RPL22	31.2290876645104	14.4404110020425	0	17.6209767464766	21.7054263565891	21.5285252960172	6.60283922086497	28.7521564117309	11.2107623318386	21.1416490486258	7.20003844237976	10.5042016806723	17.9425837320574	15.405682985279	10.452051215051	13.5468875514342	0	0	14.7347740667976	25.9067357512953	20.6451612903226	0	0	16.9710018287115	15.3256704980843	0	12.2549019607843	0	10.8600571035752	0	10.3950103950104	24.390243902439	32.7459847185405	11.9846596356663	6.1576354679803	35.799522673031	22.6079322864078	20.6185567010309	14.801657785672	23.2018561484919	36.5853658536585	6.43915003219575	8.15660685154976	11.3938473224459	6.86635567134482	12.2526271860646	22.9076636510048	24.8756218905473	24.3648569151376	0
ICMT	0	0	0	0	0	0	0	0	0	0	0	0	0	0	1.30650640188137	0	0	0	0	0	0	0	0	0	0	0	0	0	0	0	0	0	0	0	0	0	0	0	2.9603315571344	0	0	0	0	0	6.86635567134482	0	0	0	0	0
ACOT7	0	0	0	0	0	0	3.30141961043249	0	0	0	0	0	0	0	0	0	0	0	0	0	2.58064516129032	0	0	0	0	0	0	0	0	0	0	0	0	0	0	0	0	0	0	0	0	0	0	3.79794910748196	0	0	0	0	0	0
KLHL21	0	0	0	0	0	0	0	0	0	0	0	0	0	0	0	0	0	0	0	0	0	0	0	0	0	0	0	0	0	0	0	0	0	2.39693192713327	0	0	0	0	0	0	0	0	0	0	0	0	0	0	0	0
CAMTA1	0	0	0	0	0	0	0	2.87521564117309	0	0	0	0	0	0	1.30650640188137	7.78195814847779	0	19.6463654223969	0	0	0	0	0	0	7.66283524904215	0	0	17.7958946084375	0	0	0	0	0	2.39693192713327	0	11.9331742243437	0	5.15463917525773	0	2.90023201856148	0	0	0	3.79794910748196	0	0	0	0	14.5548260249521	0
VAMP3	0	0	0	0	0	0	0	0	0	0	0	0	0	1.71174255391989	0	0	0	0	0	0	2.58064516129032	0	0	0	0	0	0	0	3.1776434604436	0	0	0	0	0	0	0	0	0	0	0	0	0	0	0	6.86635567134482	0	0	0	0	0
UTS2	0	0	0	0	3.10077519379845	0	0	0	0	21.1416490486258	0	0	0	0	0	0	0	0	0	0	0	0	0	0	0	0	0	0	0	0	0	0	0	0	0	0	0	0	0	0	0	0	0	0	0	0	0	0	0	0
TNFRSF9	0	0	0	0	0	0	0	0	0	0	0	0	0	0	0	0	0	0	0	0	0	0	0	0	0	0	0	0	0	0	0	0	0	0	0	0	0	0	0	0	0	0	0	0	0	0	0	0	0	0
PARK7	4.4612982377872	11.6470459119408	19.2678227360308	0	0	0	3.30141961043249	0	0	0	4.32619444724632	10.5042016806723	5.98086124401914	0	6.53253200940685	0	0	0	0	0	0	0	0	4.87031054096576	0	9.09918107370337	0	0	0	0	0	0	1.55933260564478	7.19079578139981	3.07881773399015	0	11.783694988655	5.15463917525773	8.8809946714032	0	0	6.43915003219575	0	3.79794910748196	0	0	15.7568977810133	4.97512437810945	0	0
ERRFI1	0	0	0	14.1506646863452	0	0	0	0	0	0	4.32619444724632	0	0	0	0	11.270437230074	0	0	0	0	0	0	0	0	0	0	0	0	3.1776434604436	0	0	0	0	0	0	0	0	0	0	0	0	0	0	0	6.86635567134482	6.64719170537437	0	0	0	0
RERE	0	0	0	0	0	0	3.30141961043249	0	0	0	0	0	0	0	0	0	5.55864369093941	0	0	0	0	0	0	0	0	0	0	0	0	0	0	0	0	0	3.07881773399015	0	0	0	0	0	0	0	0	0	0	0	0	0	0	0
ENO1	2.2306491188936	0	0	17.6209767464766	0	0	0	2.87521564117309	0	0	0	0	0	0	3.91951920564411	0	0	0	9.82318271119843	0	5.16129032258065	0	6.66222518321119	8.15154299623881	0	0	0	17.7958946084375	3.1776434604436	0	0	0	1.55933260564478	2.39693192713327	0	0	0	10.3092783505155	2.9603315571344	8.70069605568446	0	3.21957501609788	4.07830342577488	0	0	0	0	4.97512437810945	0	0
H6PD	0	0	0	0	0	0	0	0	0	0	4.32619444724632	0	0	1.71174255391989	0	0	0	0	0	0	2.58064516129032	0	0	0	0	0	0	0	0	0	0	0	0	0	0	0	0	0	0	0	0	0	0	0	0	0	11.6189686919928	0	0	0
SLC25A33	0	0	0	0	0	10.7642626480086	0	0	0	0	0	0	0	0	1.30650640188137	0	0	0	0	0	0	0	6.66222518321119	0	0	0	0	0	0	0	0	0	0	0	0	0	0	0	0	2.90023201856148	0	0	0	0	0	0	0	0	0	0
PIK3CD	0	0	0	0	0	10.7642626480086	0	0	0	0	0	0	0	0	0	0	0	0	0	0	2.58064516129032	0	0	0	0	0	0	0	0	0	0	0	0	0	0	0	0	5.15463917525773	0	0	0	0	0	3.79794910748196	0	0	0	0	0	0
CLSTN1	0	0	19.2678227360308	0	0	0	3.30141961043249	0	0	0	0	0	0	0	0	0	0	0	0	0	0	0	0	0	0	0	0	0	0	0	0	0	0	0	0	0	0	0	0	0	0	0	4.07830342577488	0	0	0	0	0	0	0
CTNNBIP1	0	0	0	0	0	0	0	0	0	0	0	0	0	0	0	0	5.55864369093941	0	0	0	0	0	0	0	0	0	0	0	3.1776434604436	0	0	0	0	0	0	0	0	0	0	0	0	0	0	0	0	0	0	0	0	0
LZIC	0	0	0	0	0	0	3.30141961043249	0	0	0	0	0	0	0	0	0	0	0	0	0	0	0	0	0	0	0	0	0	0	0	0	0	0	0	0	0	0	0	0	0	0	0	0	3.79794910748196	0	0	0	0	0	0
RBP7	0	0	0	0	0	0	0	0	0	0	0	0	0	3.42348510783978	0	0	0	19.6463654223969	0	0	0	0	0	0	0	0	0	0	7.17927842346001	0	0	0	0	0	0	0	0	0	0	0	0	0	0	0	0	0	11.6189686919928	0	0	0
UBE4B	0	0	0	0	0	0	0	0	0	0	0	0	0	0	0	0	0	0	0	0	0	0	0	0	0	0	0	0	0	0	0	0	0	0	0	0	0	0	2.9603315571344	0	0	0	0	0	6.86635567134482	0	0	0	0	0
KIF1B	0	0	0	0	0	0	0	0	0	0	0	0	0	0	0	0	0	0	0	0	0	0	0	0	0	0	0	0	0	0	0	0	0	0	0	0	0	0	0	0	0	0	0	0	0	0	0	0	0	0
PGD	2.2306491188936	0	0	0	0	0	0	0	0	0	0	10.5042016806723	0	0	1.30650640188137	0	5.55864369093941	0	0	0	0	0	0	0	0	0	0	0	3.1776434604436	0	0	0	0	0	0	0	0	0	0	0	0	0	0	0	0	0	0	0	0	0
DFFA	2.2306491188936	0	0	0	0	0	0	0	0	0	4.32619444724632	0	0	0	0	0	0	0	0	0	0	0	6.66222518321119	0	0	0	0	0	0	0	0	0	0	0	0	0	0	0	0	0	0	3.21957501609788	0	0	0	0	0	0	0	0
TARDBP	0	0	0	0	0	0	0	0	0	0	0	0	0	0	0	7.78195814847779	0	0	0	0	0	0	0	0	0	0	0	0	0	0	0	0	0	0	3.07881773399015	0	0	0	0	0	0	0	4.07830342577488	0	0	0	0	0	0	0
MASP2	0	0	0	14.1506646863452	0	0	0	0	0	0	7.20003844237976	0	0	0	0	7.78195814847779	0	0	0	0	0	0	0	0	0	0	0	0	0	18.5873605947955	0	0	0	0	0	0	0	0	0	0	0	0	0	0	0	9.99609046707766	0	0	0	0
SRM	2.2306491188936	0	0	0	0	0	0	0	0	0	0	0	0	0	1.30650640188137	0	0	0	0	0	2.58064516129032	0	0	0	0	0	0	0	5.43143277221649	0	0	0	3.11866521128957	0	0	0	0	0	0	0	0	0	0	0	0	0	0	0	0	0
EXOSC10	0	0	0	0	0	0	0	0	0	0	0	0	0	0	0	0	0	0	0	0	0	0	0	0	0	0	0	0	0	0	0	0	0	0	3.07881773399015	0	0	0	0	0	0	0	0	0	0	0	0	0	0	0
UBIAD1	0	0	0	0	0	0	0	0	0	0	0	0	0	1.71174255391989	0	0	0	0	0	0	0	0	0	0	0	0	0	0	0	0	0	0	0	0	0	0	0	5.15463917525773	0	0	0	0	0	0	0	0	0	0	0	0
FBXO44	0	0	0	0	0	0	0	0	0	0	0	0	0	0	0	0	0	0	0	0	0	0	0	0	0	0	0	0	0	0	0	0	0	0	0	0	0	0	0	0	0	0	0	0	0	0	0	0	0	0
FBXO6	0	0	0	0	0	0	3.30141961043249	0	0	0	0	0	0	0	0	0	0	0	0	0	0	0	0	0	0	0	0	0	0	0	0	0	0	0	0	0	0	0	0	0	0	0	0	0	0	0	0	0	0	0
MAD2L2	0	0	0	0	0	10.7642626480086	0	0	0	0	0	0	5.98086124401914	0	0	0	0	0	0	0	0	0	6.66222518321119	0	0	0	0	0	0	0	0	0	0	0	0	0	0	0	0	2.90023201856148	0	0	0	0	0	0	0	0	0	0
AGTRAP	0	0	0	0	0	0	9.90425883129746	0	0	0	0	0	0	1.71174255391989	2.61301280376274	0	0	0	4.91159135559921	0	0	9.50570342205323	6.66222518321119	0	0	0	0	0	0	0	0	3.04878048780488	1.55933260564478	0	0	0	0	0	0	0	0	0	0	3.79794910748196	0	0	0	0	0	0
MTHFR	0	0	0	0	0	0	0	0	0	0	0	0	0	0	2.61301280376274	0	0	0	0	0	0	0	0	0	0	0	0	0	3.1776434604436	0	0	0	0	0	0	0	0	0	0	0	0	0	0	0	0	0	0	0	0	0
KIAA2013	0	0	0	0	0	0	0	0	0	0	0	0	0	0	0	0	0	0	0	0	0	0	0	0	0	0	0	0	0	0	0	0	0	2.39693192713327	0	0	0	0	0	0	0	0	4.07830342577488	0	0	6.64719170537437	0	0	0	0
PLOD1	0	0	0	0	0	0	0	0	0	0	0	0	0	0	0	0	0	0	0	0	0	9.50570342205323	0	0	0	0	0	0	0	0	0	0	0	0	0	0	0	0	0	0	0	0	0	0	0	0	0	0	0	0
MFN2	0	0	0	0	0	0	0	0	0	21.1416490486258	0	0	0	0	0	0	5.55864369093941	0	0	0	0	0	0	0	0	0	0	0	0	0	0	0	0	0	0	0	0	0	0	0	0	0	0	0	0	0	0	0	0	0
MIIP	0	0	0	0	0	0	0	0	0	0	4.32619444724632	0	0	0	0	0	0	0	0	0	0	0	0	0	0	0	0	0	0	0	0	0	0	0	0	0	0	0	0	0	0	0	0	0	0	0	0	0	0	0
TNFRSF1B	0	0	0	0	0	0	0	0	0	0	0	0	0	1.71174255391989	1.30650640188137	0	0	0	0	0	0	0	0	2.72350280938192	0	0	0	0	7.17927842346001	0	0	0	0	0	0	0	0	0	0	0	0	3.21957501609788	0	0	0	0	11.6189686919928	0	0	0
VPS13D	0	0	0	0	0	0	0	0	0	0	4.32619444724632	0	0	0	0	0	0	0	0	0	0	0	0	0	0	0	0	0	0	0	0	0	0	0	0	0	0	0	0	0	0	0	0	0	0	0	0	0	0	0
DHRS3	0	0	0	0	0	21.5285252960172	3.30141961043249	0	0	0	7.20003844237976	0	0	1.71174255391989	0	0	0	0	0	0	2.58064516129032	0	0	2.72350280938192	0	0	0	0	0	0	0	0	0	0	0	0	0	0	0	0	0	3.21957501609788	0	0	0	0	0	0	0	0
PRDM2	0	0	0	0	0	0	0	0	0	0	0	10.5042016806723	0	0	0	0	0	0	0	8.63557858376511	0	0	0	0	0	0	0	0	0	0	0	0	0	2.39693192713327	0	0	0	0	2.9603315571344	0	0	0	0	0	0	0	0	0	0	0
EFHD2	0	0	0	0	3.10077519379845	10.7642626480086	0	2.87521564117309	0	0	0	0	0	1.71174255391989	0	0	0	0	0	8.63557858376511	0	0	0	0	0	0	0	0	5.43143277221649	0	0	0	0	0	0	0	0	0	0	0	0	0	0	0	0	0	11.6189686919928	4.97512437810945	0	0
DDI2	0	0	0	0	0	0	0	0	0	0	0	0	0	0	0	0	0	0	0	0	0	0	6.66222518321119	2.72350280938192	0	0	0	0	0	0	0	0	0	0	0	0	0	0	0	0	0	0	4.07830342577488	0	0	0	0	0	0	0
UQCRHL	0	0	0	0	0	0	0	0	0	0	0	0	0	0	0	0	0	0	0	0	0	0	0	0	0	0	0	0	5.43143277221649	0	0	0	0	2.39693192713327	0	0	0	0	0	0	12.1951219512195	0	0	0	0	0	0	0	0	0
SPEN	0	0	0	0	0	0	0	0	0	0	4.32619444724632	0	0	0	0	0	0	0	0	0	0	0	0	0	0	0	0	0	0	0	0	0	0	2.39693192713327	0	0	0	0	0	0	0	0	0	0	0	0	11.6189686919928	0	0	0
SZRD1	0	0	0	0	3.10077519379845	0	0	0	0	0	4.32619444724632	0	0	0	0	0	0	0	0	0	0	9.50570342205323	0	0	0	0	0	0	0	0	10.3950103950104	0	0	0	0	0	11.783694988655	0	0	0	0	6.43915003219575	0	0	0	0	0	0	0	0
NECAP2	0	0	0	0	0	0	0	0	0	0	0	0	0	1.71174255391989	1.30650640188137	0	0	0	0	0	0	0	0	0	0	9.09918107370337	0	0	0	0	0	0	0	0	0	0	0	0	0	2.90023201856148	0	3.21957501609788	0	0	0	0	0	0	0	0
RP11-108M9.4	0	0	0	0	0	0	0	0	0	0	4.32619444724632	0	0	0	0	0	0	0	0	0	0	0	0	0	0	0	0	0	0	0	0	0	0	0	0	0	0	0	0	0	0	0	0	0	0	0	0	0	0	0
SDHB	2.2306491188936	0	0	0	0	0	0	0	0	0	0	0	0	1.71174255391989	1.30650640188137	7.78195814847779	0	0	0	0	0	0	0	0	0	0	0	0	0	0	0	0	3.11866521128957	0	3.07881773399015	0	0	0	0	0	0	0	4.07830342577488	0	0	6.64719170537437	0	0	0	0
PADI2	0	0	0	0	0	0	0	0	0	0	0	0	0	0	0	0	0	0	0	0	0	0	0	0	0	0	0	0	0	0	0	0	0	0	0	0	0	0	0	0	0	0	0	0	0	0	0	0	0	0
PADI4	0	0	0	0	0	0	0	0	0	0	0	0	0	0	0	0	0	0	0	0	0	0	0	0	0	0	0	0	0	0	0	0	0	0	0	0	0	0	0	0	0	0	0	0	0	0	0	0	0	0
RCC2	0	0	0	0	0	0	0	0	0	0	0	0	0	0	0	0	0	0	0	0	0	0	0	0	0	0	0	0	0	0	0	0	0	0	0	0	0	0	0	0	0	0	0	0	0	0	11.6189686919928	4.97512437810945	0	0
EMC1	0	0	0	0	0	0	0	0	0	0	0	0	0	0	1.30650640188137	0	0	0	0	0	0	0	0	0	0	0	0	0	3.1776434604436	0	0	0	0	0	0	0	0	0	0	0	0	0	0	0	0	0	0	0	0	0
MRTO4	0	0	0	0	0	0	0	0	0	0	0	0	0	0	0	0	0	0	0	0	0	0	0	0	0	0	0	0	0	0	0	0	0	0	0	0	0	0	0	0	0	0	0	0	0	0	0	0	0	0
AKR7A2	0	0	0	0	0	0	0	2.87521564117309	0	0	0	0	0	0	1.30650640188137	0	0	0	0	0	2.58064516129032	0	0	2.72350280938192	0	0	0	0	0	0	0	0	0	0	0	0	0	0	0	0	0	0	0	0	0	0	0	4.97512437810945	0	0
CAPZB	0	0	0	0	3.10077519379845	0	0	0	5.60538116591928	0	4.32619444724632	0	5.98086124401914	3.42348510783978	5.22602560752548	0	5.55864369093941	0	0	8.63557858376511	0	9.50570342205323	6.66222518321119	0	0	0	0	0	0	0	10.3950103950104	0	1.55933260564478	0	6.1576354679803	0	0	0	5.9206631142688	2.90023201856148	0	3.21957501609788	8.15660685154976	3.79794910748196	0	0	0	0	0	0
MINOS1	0	0	0	0	0	0	0	2.87521564117309	2.80269058295964	0	4.32619444724632	0	5.98086124401914	1.71174255391989	1.30650640188137	13.5468875514342	0	0	0	8.63557858376511	0	0	0	0	0	0	0	17.7958946084375	7.17927842346001	0	0	3.04878048780488	3.11866521128957	7.19079578139981	0	0	0	0	0	2.90023201856148	12.1951219512195	0	4.07830342577488	3.79794910748196	6.86635567134482	6.64719170537437	0	0	14.5548260249521	0
MUL1	0	0	0	0	0	0	0	0	0	0	0	0	0	0	0	0	0	0	0	0	0	0	0	0	0	0	0	0	0	0	0	0	0	0	0	0	0	0	0	0	0	0	0	0	0	0	0	0	0	0
CDA	0	0	0	0	0	0	0	0	0	0	0	0	0	0	1.30650640188137	0	0	0	0	0	0	0	0	0	0	0	0	0	0	0	0	0	0	0	0	0	0	0	0	0	0	0	0	0	0	0	11.6189686919928	0	0	0
PINK1	0	0	0	0	0	0	0	0	0	0	0	0	0	0	0	0	0	0	0	0	0	0	0	0	0	0	0	0	0	0	0	0	0	0	0	0	0	0	0	0	0	0	0	0	0	6.64719170537437	0	0	0	0
DDOST	0	0	0	0	0	0	3.30141961043249	0	0	0	0	0	0	0	0	0	0	0	0	0	2.58064516129032	0	0	2.72350280938192	0	0	0	0	0	0	0	3.04878048780488	1.55933260564478	2.39693192713327	0	0	0	0	0	0	0	0	0	0	0	0	0	0	0	0
KIF17	0	0	0	0	0	0	0	0	0	0	0	0	0	0	0	0	0	0	0	0	0	0	0	0	0	0	0	0	0	0	0	0	0	0	0	0	0	0	0	0	0	0	0	0	0	0	0	0	0	0
HP1BP3	0	0	0	0	0	0	0	0	0	0	4.32619444724632	0	0	0	2.61301280376274	0	0	0	0	0	0	0	0	2.72350280938192	0	0	0	0	0	0	0	3.04878048780488	3.11866521128957	0	3.07881773399015	0	0	0	0	0	0	6.43915003219575	4.07830342577488	0	6.86635567134482	0	0	4.97512437810945	0	0
EIF4G3	0	0	0	0	0	0	0	2.87521564117309	0	0	0	0	0	1.71174255391989	0	0	0	0	0	0	0	0	0	0	0	0	0	0	3.1776434604436	0	0	0	0	0	0	0	0	0	0	0	0	0	0	0	0	0	0	0	0	0
ECE1	0	0	0	0	0	0	0	0	0	0	0	0	0	0	0	0	0	0	0	0	0	0	0	4.87031054096576	0	0	0	0	0	0	0	0	0	0	0	0	0	0	0	0	0	0	4.07830342577488	0	11.009306485593	0	0	0	0	0
ALPL	0	0	0	0	0	0	0	0	0	0	0	0	0	0	0	0	0	0	0	0	0	0	0	0	0	0	0	0	0	0	0	0	0	0	0	0	0	0	0	0	0	0	0	0	0	0	0	0	0	0
USP48	0	0	0	0	0	0	3.30141961043249	0	0	0	0	0	0	0	0	0	0	0	0	0	2.58064516129032	0	0	2.72350280938192	0	0	0	0	0	0	0	0	0	0	0	0	0	0	0	0	0	3.21957501609788	0	0	0	0	0	0	0	0
HSPG2	0	0	0	0	0	0	0	0	0	0	0	0	0	0	0	0	0	0	0	0	0	0	0	10.6293785371057	0	9.09918107370337	0	0	0	0	0	0	0	2.39693192713327	0	0	0	0	0	0	0	0	12.2349102773246	0	18.2171588834146	0	0	0	0	0
CDC42	4.4612982377872	7.58279827755853	0	0	6.2015503875969	21.5285252960172	0	2.87521564117309	0	0	0	0	17.9425837320574	10.2704553235193	0	7.78195814847779	0	19.6463654223969	19.6463654223969	0	0	0	19.9866755496336	6.64248034362313	15.3256704980843	9.09918107370337	6.12745098039216	17.7958946084375	7.17927842346001	0	0	0	3.11866521128957	0	3.07881773399015	35.799522673031	0	5.15463917525773	2.9603315571344	0	0	3.21957501609788	8.15660685154976	0	0	0	0	4.97512437810945	0	0
C1QA	0	0	0	0	0	0	0	0	0	0	0	0	0	126.668948990072	10.452051215051	0	5.55864369093941	98.2318271119843	63.8506876227898	0	0	57.0342205323194	0	0	0	0	0	0	26.2332178656587	0	0	0	0	0	0	11.9331742243437	0	0	0	0	60.9756097560976	0	0	0	0	0	20.2122920503534	0	0	0
C1QC	0	0	0	0	0	0	0	0	0	0	0	0	0	102.704553235193	2.61301280376274	0	0	19.6463654223969	63.8506876227898	0	0	28.5171102661597	0	0	0	0	0	0	16.7619198896748	0	0	0	0	0	0	0	0	0	0	0	48.7804878048781	0	0	0	0	0	11.6189686919928	0	0	0
C1QB	0	0	0	0	0	0	0	0	0	0	4.32619444724632	0	0	111.263266004793	0	0	0	235.756385068762	98.2318271119843	0	0	180.608365019011	13.3244503664224	0	0	0	0	0	24.7231227091878	0	0	0	0	0	0	0	0	0	0	0	60.9756097560976	0	0	0	0	0	23.9441089881919	0	0	0
LUZP1	0	0	0	0	3.10077519379845	0	0	0	0	0	0	0	0	0	0	0	0	0	0	0	0	0	0	0	0	0	0	0	0	0	0	0	0	0	0	0	0	5.15463917525773	0	0	0	3.21957501609788	0	0	0	0	0	0	0	0
HNRNPR	0	0	0	0	0	0	3.30141961043249	2.87521564117309	0	0	7.20003844237976	0	0	3.42348510783978	0	0	0	0	4.91159135559921	0	0	0	0	2.72350280938192	0	0	0	0	0	0	0	3.04878048780488	1.55933260564478	7.19079578139981	3.07881773399015	23.8663484486874	0	0	0	0	0	0	0	3.79794910748196	0	0	0	0	0	0
TCEA3	0	0	0	0	0	0	0	0	0	0	0	0	0	0	0	0	0	0	0	0	0	0	0	0	0	0	0	0	0	0	0	0	0	0	0	0	0	0	0	0	0	0	0	0	0	0	0	0	0	0
ID3	0	0	0	0	0	0	0	0	0	0	0	0	5.98086124401914	1.71174255391989	0	0	0	0	0	0	0	0	0	16.3631383889094	7.66283524904215	0	0	0	0	0	0	0	0	4.79386385426654	12.3152709359606	11.9331742243437	0	0	0	0	0	0	0	0	18.2171588834146	0	0	0	0	0
RPL11	55.76622797234	31.0991482068384	19.2678227360308	22.3374251180725	49.6124031007752	10.7642626480086	33.0141961043249	63.2547441058079	44.8430493273543	42.2832980972516	11.0803945310691	21.0084033613445	47.8468899521531	32.5231085244779	35.275672850797	16.5878662281997	5.55864369093941	0	19.6463654223969	34.5423143350605	59.3548387096774	9.50570342205323	66.6222518321119	23.9538444561583	38.3141762452107	9.09918107370337	85.7843137254902	20.2822534835209	22.1883981116908	0	51.975051975052	33.5365853658537	93.5599563386871	31.1601150527325	55.4187192118227	47.7326968973747	18.9780012834795	61.8556701030928	53.2859680284192	58.0046403712297	0	19.3174500965873	12.2349102773246	18.9897455374098	13.9855721727418	12.2526271860646	29.5748260866218	19.9004975124378	14.5548260249521	63.0914826498423
TCEB3	0	0	0	0	0	0	3.30141961043249	0	0	0	0	0	0	0	0	0	0	0	0	0	0	0	0	0	0	0	0	0	0	0	0	0	0	0	0	0	0	0	0	0	0	0	4.07830342577488	0	0	0	0	0	0	0
PITHD1	0	7.58279827755853	0	0	0	0	0	0	0	0	0	0	0	0	0	0	0	0	0	0	0	0	0	0	0	0	0	0	0	0	0	0	0	0	0	0	0	0	0	0	0	0	4.07830342577488	0	0	6.64719170537437	0	0	0	0
LYPLA2	0	0	0	0	0	0	0	0	2.80269058295964	0	0	0	5.98086124401914	0	0	0	0	0	0	0	2.58064516129032	0	0	0	7.66283524904215	0	0	0	0	0	0	3.04878048780488	0	0	0	0	0	0	0	0	0	0	0	0	0	0	0	0	0	0
GALE	0	0	0	0	0	0	0	2.87521564117309	0	0	0	0	0	0	0	0	0	0	0	0	0	0	0	0	0	0	0	0	0	0	0	0	0	0	0	0	0	0	0	0	0	0	4.07830342577488	0	0	0	0	0	0	0
HMGCL	0	0	0	0	0	0	0	2.87521564117309	0	0	0	10.5042016806723	0	0	1.30650640188137	0	0	0	0	0	0	0	0	0	0	0	0	0	0	0	0	0	0	0	0	0	0	0	0	0	0	0	0	0	0	6.64719170537437	0	0	0	0
FUCA1	0	0	0	0	0	0	0	0	0	0	0	0	0	0	0	0	0	0	4.91159135559921	0	0	0	0	0	0	0	0	0	10.8600571035752	0	0	0	0	0	0	0	0	0	0	0	0	0	0	0	0	0	0	0	14.5548260249521	0
PNRC2	0	0	0	0	0	0	0	0	0	0	0	0	0	1.71174255391989	0	0	0	0	0	8.63557858376511	0	0	0	0	0	0	0	0	0	0	0	0	0	0	0	0	0	0	2.9603315571344	0	0	0	12.2349102773246	0	6.86635567134482	0	0	0	0	0
SRSF10	0	0	0	0	0	0	0	0	0	0	0	0	5.98086124401914	0	0	0	0	0	4.91159135559921	0	0	0	0	2.72350280938192	0	0	0	0	0	0	0	0	0	2.39693192713327	0	0	0	0	0	5.80046403712297	0	0	4.07830342577488	3.79794910748196	0	0	0	0	0	0
RCAN3	0	0	0	0	0	0	0	2.87521564117309	0	0	0	0	0	0	0	0	0	0	0	0	0	0	0	0	0	0	0	0	0	0	0	0	0	0	0	0	0	0	0	2.90023201856148	0	0	0	0	0	0	0	0	0	0
SRRM1	0	11.6470459119408	0	0	0	0	3.30141961043249	2.87521564117309	2.80269058295964	0	0	0	5.98086124401914	1.71174255391989	0	0	11.1172873818788	0	0	0	2.58064516129032	0	0	2.72350280938192	0	0	0	0	0	0	10.3950103950104	0	0	4.79386385426654	0	0	0	0	0	0	0	0	0	0	6.86635567134482	0	0	0	0	0
CLIC4	0	0	0	0	0	0	0	0	0	0	0	0	0	0	0	0	0	0	0	0	0	0	0	2.72350280938192	0	0	0	0	0	0	0	0	0	0	0	0	0	0	0	0	0	0	0	0	0	0	0	0	0	0
RUNX3	0	0	0	0	0	0	0	5.75043128234618	2.80269058295964	21.1416490486258	0	10.5042016806723	0	0	1.30650640188137	0	0	0	0	0	0	0	0	0	7.66283524904215	0	0	0	0	0	0	0	0	0	0	0	0	5.15463917525773	0	2.90023201856148	0	0	0	0	0	0	0	0	0	0
SYF2	2.2306491188936	0	0	14.1506646863452	0	0	0	0	2.80269058295964	0	0	0	0	0	2.61301280376274	7.78195814847779	0	0	0	0	5.16129032258065	0	0	2.72350280938192	0	0	0	0	0	0	0	6.09756097560976	1.55933260564478	7.19079578139981	0	0	0	0	5.9206631142688	2.90023201856148	0	0	0	0	0	6.64719170537437	0	0	0	0
RSRP1	6.69194735668079	0	0	0	6.2015503875969	10.7642626480086	9.90425883129746	0	5.60538116591928	0	9.35530051315037	0	0	0	1.30650640188137	0	0	0	0	8.63557858376511	7.74193548387097	0	0	0	0	0	0	0	0	0	10.3950103950104	12.1951219512195	4.67799781693435	0	0	0	0	0	2.9603315571344	0	0	0	4.07830342577488	3.79794910748196	0	0	0	0	0	10.515247108307
TMEM50A	2.2306491188936	0	0	14.1506646863452	0	0	0	0	0	0	0	0	0	0	0	0	0	0	4.91159135559921	0	0	0	6.66222518321119	2.72350280938192	0	0	0	0	0	0	0	0	0	0	3.07881773399015	0	0	0	5.9206631142688	2.90023201856148	0	0	0	0	13.9855721727418	6.64719170537437	0	4.97512437810945	0	0
MAN1C1	0	0	0	0	0	0	0	0	0	0	0	0	0	0	0	7.78195814847779	0	0	0	0	0	0	0	0	0	0	0	0	0	0	0	0	0	0	0	0	0	0	0	0	0	0	8.15660685154976	0	6.86635567134482	6.64719170537437	0	0	0	0
SEPN1	0	0	0	0	0	0	0	0	0	0	4.32619444724632	0	0	0	1.30650640188137	0	0	0	0	0	0	0	0	0	0	0	0	0	0	0	0	0	0	0	0	0	0	0	0	0	0	0	0	0	6.86635567134482	0	0	0	14.5548260249521	0
MTFR1L	0	0	0	0	3.10077519379845	0	0	0	0	0	0	0	0	0	0	0	0	0	0	0	0	0	0	0	0	0	0	0	0	0	0	0	0	0	0	0	0	0	0	0	0	0	0	0	0	0	0	0	0	0
STMN1	0	0	0	0	0	0	0	5.75043128234618	0	21.1416490486258	0	0	0	1.71174255391989	0	0	0	0	0	0	0	0	0	0	0	0	0	0	5.43143277221649	0	0	0	1.55933260564478	0	0	0	0	0	0	2.90023201856148	0	0	0	0	0	0	0	9.9502487562189	0	0
ZNF593	0	0	0	0	0	0	0	0	0	0	0	0	5.98086124401914	0	0	7.78195814847779	0	0	0	0	0	0	0	0	7.66283524904215	0	0	0	0	0	0	3.04878048780488	0	2.39693192713327	0	0	0	0	0	0	0	0	0	0	0	0	0	0	0	0
SH3BGRL3	15.6145438322552	14.4404110020425	19.2678227360308	0	12.4031007751938	0	6.60283922086497	14.3760782058654	5.60538116591928	0	4.32619444724632	10.5042016806723	11.9617224880383	5.13522766175967	20.9041024301019	0	16.6759310728182	19.6463654223969	4.91159135559921	0	2.58064516129032	9.50570342205323	0	2.72350280938192	0	9.09918107370337	30.6372549019608	0	10.8600571035752	0	0	9.14634146341463	7.79666302822392	0	6.1576354679803	0	0	5.15463917525773	32.5636471284784	5.80046403712297	24.390243902439	9.65872504829363	4.07830342577488	11.3938473224459	0	0	15.7568977810133	19.9004975124378	0	21.0304942166141
UBXN11	0	0	0	0	0	0	0	0	0	0	0	0	0	1.71174255391989	0	0	0	0	0	0	0	0	0	0	0	0	0	0	3.1776434604436	0	0	0	0	0	0	0	0	0	0	0	0	0	0	0	0	0	0	0	0	0
CD52	31.2290876645104	0	0	0	24.8062015503876	0	0	8.62564692351926	16.8161434977579	0	0	21.0084033613445	11.9617224880383	0	15.6780768225764	0	0	0	0	0	18.0645161290323	0	6.66222518321119	0	7.66283524904215	9.09918107370337	30.6372549019608	0	3.1776434604436	0	0	0	9.3559956338687	0	36.9458128078818	0	0	15.4639175257732	0	23.2018561484919	12.1951219512195	9.65872504829363	0	0	0	0	11.6189686919928	4.97512437810945	0	10.515247108307
DHDDS	0	0	0	0	0	0	0	0	0	0	0	0	0	0	0	0	0	0	0	0	0	0	0	0	0	0	0	0	0	0	0	0	0	0	0	0	0	0	0	0	0	0	0	0	0	0	0	0	0	0
HMGN2	0	7.58279827755853	0	0	0	0	3.30141961043249	2.87521564117309	2.80269058295964	0	0	31.5126050420168	0	3.42348510783978	5.22602560752548	0	11.1172873818788	0	0	0	0	0	6.66222518321119	4.87031054096576	7.66283524904215	0	6.12745098039216	0	3.1776434604436	0	0	3.04878048780488	4.67799781693435	2.39693192713327	9.23645320197044	0	0	0	0	0	0	6.43915003219575	0	7.59589821496392	0	6.64719170537437	0	0	14.5548260249521	0
RPS6KA1	0	0	0	0	0	0	0	0	0	0	0	0	0	0	1.30650640188137	0	0	0	0	0	0	0	0	0	0	0	0	0	0	0	0	3.04878048780488	0	0	0	0	0	0	0	0	0	0	0	3.79794910748196	0	0	0	0	0	0
ARID1A	0	7.58279827755853	0	0	0	0	0	0	0	0	0	0	0	0	0	0	0	19.6463654223969	0	0	2.58064516129032	0	0	0	0	0	0	0	0	0	0	0	0	0	0	0	0	0	0	0	0	0	8.15660685154976	0	0	6.64719170537437	0	4.97512437810945	0	0
ZDHHC18	0	0	0	0	0	0	3.30141961043249	0	0	0	0	0	5.98086124401914	0	0	0	0	0	0	0	0	0	0	0	0	0	0	0	0	0	0	0	0	0	0	0	0	0	0	0	0	0	0	0	0	0	0	0	0	0
NUDC	2.2306491188936	0	0	0	0	10.7642626480086	0	0	0	0	4.32619444724632	10.5042016806723	0	0	0	0	0	0	0	0	0	0	0	0	0	0	0	21.7399369839188	0	0	0	3.04878048780488	1.55933260564478	0	0	0	0	0	0	0	0	0	0	0	6.86635567134482	9.99609046707766	0	4.97512437810945	14.5548260249521	0
NR0B2	0	0	0	14.1506646863452	0	0	0	0	0	0	0	0	0	0	0	0	0	0	0	0	0	0	0	0	0	0	0	0	0	0	0	0	0	0	0	0	0	0	0	0	0	0	0	0	0	0	0	0	0	0
SLC9A1	0	0	0	0	0	0	0	0	0	0	0	0	0	0	0	0	0	0	0	0	0	0	0	0	0	0	0	0	0	0	0	0	0	0	0	0	0	0	0	0	0	3.21957501609788	0	0	0	0	0	0	0	0
WDTC1	0	7.58279827755853	0	0	0	0	0	0	0	0	0	0	0	0	0	0	0	0	0	0	0	0	0	0	0	0	0	0	0	0	0	0	0	0	0	0	0	0	0	0	0	0	4.07830342577488	0	0	0	0	0	0	0
TMEM222	0	0	0	0	0	0	0	0	2.80269058295964	0	0	0	0	0	0	0	0	0	0	0	0	0	0	0	0	0	0	0	0	0	0	0	0	0	0	0	0	0	0	0	0	0	0	0	0	0	0	0	0	0
SYTL1	0	0	0	0	0	0	0	5.75043128234618	0	0	0	0	5.98086124401914	0	0	0	0	0	0	0	0	0	0	0	0	0	0	0	0	0	0	3.04878048780488	0	0	0	0	0	0	0	0	0	0	0	0	0	0	0	19.9004975124378	0	0
MAP3K6	0	0	0	0	0	0	0	0	0	0	0	0	0	0	0	0	0	0	0	0	0	0	0	2.72350280938192	0	0	0	0	0	0	0	0	0	0	0	0	0	0	0	0	0	0	0	0	0	0	0	0	0	0
FCN3	0	0	0	0	6.2015503875969	0	0	0	0	0	0	0	0	0	0	0	0	0	0	0	0	0	0	0	0	45.4959053685168	0	0	0	18.5873605947955	0	0	0	0	0	11.9331742243437	0	0	0	2.90023201856148	0	0	53.0179445350734	0	31.4438163471672	0	0	0	14.5548260249521	0
WASF2	0	7.58279827755853	0	0	0	0	0	0	0	0	0	0	0	3.42348510783978	1.30650640188137	0	0	0	0	0	0	0	6.66222518321119	0	0	0	0	0	5.43143277221649	0	0	0	0	0	3.07881773399015	0	11.783694988655	0	0	0	0	0	0	0	0	0	0	0	0	0
FGR	0	7.58279827755853	0	0	0	0	0	0	0	0	0	10.5042016806723	0	3.42348510783978	6.53253200940685	0	0	0	0	0	0	0	0	0	7.66283524904215	0	0	0	3.1776434604436	0	0	3.04878048780488	0	0	0	0	0	5.15463917525773	0	0	0	0	0	0	0	0	0	9.9502487562189	0	0
IFI6	0	0	0	0	0	0	0	0	0	0	0	10.5042016806723	0	3.42348510783978	0	7.78195814847779	0	0	0	0	2.58064516129032	0	0	0	0	0	0	0	0	0	0	0	1.55933260564478	0	0	0	0	0	0	0	12.1951219512195	0	0	0	0	0	0	0	14.5548260249521	0
STX12	0	0	0	0	0	0	0	0	0	0	0	0	0	3.42348510783978	1.30650640188137	0	0	0	4.91159135559921	0	0	0	0	0	0	0	6.12745098039216	0	0	0	0	0	0	0	0	0	0	0	0	0	0	0	4.07830342577488	0	0	0	0	0	0	0
PPP1R8	0	0	0	0	0	0	0	0	0	0	0	0	0	0	0	0	0	0	0	0	0	0	0	0	0	0	0	17.7958946084375	3.1776434604436	0	0	3.04878048780488	0	2.39693192713327	0	0	0	0	2.9603315571344	0	0	0	4.07830342577488	0	0	0	0	0	0	0
THEMIS2	0	0	0	0	0	0	3.30141961043249	0	2.80269058295964	0	0	0	0	0	0	0	0	0	0	0	0	9.50570342205323	0	0	0	0	0	0	0	0	10.3950103950104	0	0	0	0	11.9331742243437	0	0	0	0	0	0	0	0	0	0	0	0	0	0
RPA2	0	0	0	0	0	0	3.30141961043249	0	0	0	0	0	0	0	0	0	0	0	0	0	0	0	0	0	0	0	0	0	0	0	0	0	0	0	0	0	0	0	0	0	0	3.21957501609788	0	0	0	0	0	0	0	0
EYA3	0	0	0	0	0	0	0	0	0	0	0	0	0	0	0	0	0	0	0	0	0	0	0	0	0	0	0	0	0	0	0	0	0	2.39693192713327	0	0	0	0	0	0	0	0	0	0	0	0	0	0	0	0
PTAFR	0	0	0	0	0	0	0	0	0	0	0	0	0	1.71174255391989	0	0	0	0	0	0	0	0	0	0	0	0	0	0	0	0	0	0	0	0	0	0	0	0	0	0	0	0	0	0	0	0	0	0	0	0
DNAJC8	0	0	0	0	6.2015503875969	10.7642626480086	0	0	2.80269058295964	0	0	0	0	0	0	0	0	0	0	0	0	0	0	0	0	0	0	0	3.1776434604436	0	0	0	0	0	3.07881773399015	0	11.783694988655	5.15463917525773	0	0	12.1951219512195	0	4.07830342577488	3.79794910748196	11.009306485593	0	0	0	0	0
ATPIF1	6.69194735668079	7.58279827755853	0	14.1506646863452	0	0	9.90425883129746	0	5.60538116591928	0	4.32619444724632	0	5.98086124401914	0	1.30650640188137	0	0	0	0	17.2711571675302	0	0	0	4.87031054096576	0	0	0	20.2822534835209	0	0	0	0	3.11866521128957	0	3.07881773399015	0	0	5.15463917525773	0	0	0	9.65872504829363	0	0	0	9.99609046707766	0	4.97512437810945	0	0
MED18	0	0	0	0	0	0	0	0	0	0	0	0	0	1.71174255391989	0	0	0	0	0	0	0	0	0	0	0	0	0	0	0	0	0	0	0	0	0	0	0	0	0	0	0	0	0	0	0	0	0	0	0	0
PHACTR4	2.2306491188936	7.58279827755853	0	0	0	0	0	0	0	0	0	0	0	0	0	0	0	0	0	0	0	0	0	0	0	0	0	0	0	0	0	0	0	0	0	0	0	0	0	0	0	0	0	0	0	6.64719170537437	0	0	0	0
RCC1	0	0	0	0	0	0	0	0	0	0	0	0	0	1.71174255391989	0	0	0	0	0	0	0	0	6.66222518321119	0	0	0	0	0	0	0	0	0	0	0	0	0	0	0	0	0	0	0	0	0	0	0	0	0	0	0
TRNAU1AP	0	0	0	0	0	0	0	0	0	0	0	0	0	0	0	0	0	0	4.91159135559921	0	0	0	0	0	0	0	0	0	0	0	0	3.04878048780488	0	0	0	0	0	0	0	0	0	3.21957501609788	0	0	0	0	0	0	0	0
SNHG12	0	0	0	0	0	0	0	0	0	0	0	0	0	0	0	0	0	0	0	0	0	0	0	0	0	0	0	0	0	0	0	6.09756097560976	3.11866521128957	0	0	0	11.783694988655	0	0	0	0	0	0	3.79794910748196	0	0	0	0	0	0
TAF12	0	0	0	0	3.10077519379845	0	0	0	0	0	0	0	0	1.71174255391989	0	0	0	0	0	0	0	0	0	0	0	0	0	0	0	0	0	3.04878048780488	0	0	0	0	0	0	0	0	0	0	0	0	0	0	0	4.97512437810945	0	0
GMEB1	0	0	0	0	0	0	0	0	0	0	0	0	0	0	1.30650640188137	0	0	0	0	0	0	0	0	0	0	0	0	0	0	0	0	0	0	2.39693192713327	0	0	0	0	0	0	0	0	0	0	0	0	0	0	0	0
YTHDF2	0	7.58279827755853	0	0	3.10077519379845	0	0	0	0	0	0	0	0	0	0	0	0	0	0	0	0	0	0	0	7.66283524904215	0	0	0	0	0	0	0	0	0	3.07881773399015	0	0	0	0	0	0	0	4.07830342577488	0	0	0	0	0	0	0
EPB41	0	0	0	0	0	0	0	0	0	0	0	0	0	0	0	0	0	0	0	0	0	0	0	0	0	0	0	0	0	0	0	0	0	0	0	0	0	0	0	0	0	0	0	0	0	0	0	0	0	0
SRSF4	0	0	0	0	3.10077519379845	0	0	0	0	0	0	0	0	0	1.30650640188137	0	0	0	0	0	0	0	0	0	0	0	0	0	0	0	0	0	0	2.39693192713327	0	0	0	0	0	0	0	3.21957501609788	4.07830342577488	0	0	6.64719170537437	0	0	0	0
LAPTM5	6.69194735668079	0	0	0	15.5038759689922	0	0	2.87521564117309	8.40807174887893	0	0	10.5042016806723	5.98086124401914	8.55871276959945	2.61301280376274	0	5.55864369093941	0	9.82318271119843	0	7.74193548387097	38.0228136882129	6.66222518321119	0	7.66283524904215	0	0	17.7958946084375	13.3536149514557	0	20.7900207900208	6.09756097560976	0	0	30.7881773399015	0	11.783694988655	10.3092783505155	5.9206631142688	11.6009280742459	12.1951219512195	3.21957501609788	0	3.79794910748196	0	0	18.3349401387169	0	0	10.515247108307
SDC3	0	0	0	0	0	0	0	0	0	0	0	0	0	5.13522766175967	0	0	5.55864369093941	0	0	0	0	9.50570342205323	0	0	0	0	0	0	8.60720372315219	0	0	0	0	0	0	0	0	0	0	0	0	0	0	0	0	0	0	0	0	0
PUM1	0	0	0	0	0	0	0	0	0	0	0	0	0	0	1.30650640188137	0	5.55864369093941	0	0	0	0	9.50570342205323	0	2.72350280938192	0	0	0	0	0	18.5873605947955	0	0	0	0	0	0	0	0	2.9603315571344	0	0	0	0	0	0	0	0	0	0	0
SNRNP40	0	0	0	0	0	0	0	0	0	0	0	0	0	0	0	0	5.55864369093941	0	0	0	2.58064516129032	0	0	0	0	0	0	0	0	0	0	0	0	2.39693192713327	0	0	0	0	2.9603315571344	0	0	3.21957501609788	0	0	0	0	0	0	0	0
ZCCHC17	0	0	0	14.1506646863452	0	0	0	0	0	0	0	0	0	3.42348510783978	0	0	0	0	0	0	2.58064516129032	0	0	0	0	0	0	0	0	0	0	0	0	0	0	0	0	0	0	0	0	0	0	3.79794910748196	0	0	11.6189686919928	0	0	0
FABP3	0	0	0	0	0	0	0	0	0	0	0	0	0	1.71174255391989	0	0	5.55864369093941	0	9.82318271119843	0	0	9.50570342205323	0	0	0	0	0	0	0	0	0	0	0	0	0	0	0	0	0	0	0	0	0	0	0	0	0	0	0	0
TINAGL1	0	0	0	14.1506646863452	0	0	0	0	0	0	0	0	0	0	0	0	0	0	0	0	0	0	0	4.87031054096576	0	0	0	0	0	0	0	0	0	11.9846596356663	0	0	0	0	0	0	0	0	8.15660685154976	0	0	0	0	0	0	0
PEF1	0	0	0	0	0	0	3.30141961043249	0	0	0	0	0	0	0	0	0	0	0	0	0	0	0	0	0	0	0	0	0	0	0	0	0	3.11866521128957	0	0	0	0	0	0	0	0	0	0	0	0	0	0	0	0	0
PTP4A2	0	7.58279827755853	0	0	0	0	3.30141961043249	0	0	0	0	0	0	1.71174255391989	0	7.78195814847779	5.55864369093941	0	0	0	0	0	13.3244503664224	4.87031054096576	7.66283524904215	0	0	0	3.1776434604436	0	0	6.09756097560976	0	0	0	0	11.783694988655	0	2.9603315571344	2.90023201856148	0	3.21957501609788	8.15660685154976	0	6.86635567134482	0	0	4.97512437810945	0	0
KHDRBS1	0	7.58279827755853	0	0	0	0	0	0	0	0	0	0	0	1.71174255391989	0	0	0	0	0	8.63557858376511	0	0	0	2.72350280938192	15.3256704980843	0	0	0	0	0	0	3.04878048780488	0	4.79386385426654	0	0	11.783694988655	0	0	0	0	0	0	0	0	6.64719170537437	0	0	0	0
TMEM39B	0	0	0	0	0	0	0	0	0	0	0	0	0	0	0	0	0	0	0	0	0	0	0	0	0	0	0	0	0	18.5873605947955	0	0	0	2.39693192713327	0	0	0	0	0	0	0	0	0	0	0	0	11.6189686919928	0	0	0
KPNA6	0	0	0	0	0	0	0	0	0	0	0	0	0	0	1.30650640188137	0	0	0	0	0	2.58064516129032	0	0	0	7.66283524904215	0	0	0	0	0	0	0	0	2.39693192713327	0	0	0	0	0	0	0	0	4.07830342577488	0	0	0	0	0	0	0
TXLNA	0	0	0	0	0	0	0	5.75043128234618	0	0	0	0	0	0	0	0	0	0	0	0	0	0	0	0	0	0	0	0	0	0	0	0	0	0	0	0	0	0	0	0	0	0	0	0	0	0	0	0	0	0
CCDC28B	0	0	0	0	0	10.7642626480086	0	0	0	0	0	0	0	0	0	0	0	0	0	0	0	0	0	0	0	0	0	0	0	0	0	0	0	0	0	0	0	0	2.9603315571344	0	0	0	0	0	0	0	0	0	0	0
EIF3I	0	0	0	0	0	0	6.60283922086497	0	2.80269058295964	0	0	10.5042016806723	0	3.42348510783978	0	0	0	0	4.91159135559921	0	0	0	0	0	0	0	0	0	3.1776434604436	0	0	0	0	0	3.07881773399015	0	11.783694988655	0	2.9603315571344	0	0	0	0	0	0	0	0	0	0	0
FAM167B	0	0	0	0	0	0	0	0	0	0	0	0	0	0	0	0	0	0	0	0	0	0	0	4.87031054096576	0	0	0	0	0	0	0	0	0	0	0	0	0	0	0	0	0	0	16.3132137030995	0	6.86635567134482	0	0	0	0	0
LCK	4.4612982377872	0	0	0	0	10.7642626480086	0	0	2.80269058295964	0	0	0	5.98086124401914	0	0	0	0	0	0	0	7.74193548387097	0	0	0	7.66283524904215	0	0	0	0	0	0	0	3.11866521128957	0	0	0	0	0	14.801657785672	5.80046403712297	0	3.21957501609788	0	3.79794910748196	0	0	0	4.97512437810945	0	0
HDAC1	0	0	0	0	0	0	6.60283922086497	0	0	0	0	10.5042016806723	0	0	0	0	0	0	0	0	0	0	0	4.87031054096576	0	0	0	0	0	0	0	0	1.55933260564478	0	3.07881773399015	0	0	0	0	0	0	0	0	3.79794910748196	0	0	0	0	0	0
MARCKSL1	0	0	0	0	0	0	0	0	0	0	0	0	0	6.84697021567956	0	0	0	0	0	0	0	0	0	2.72350280938192	0	9.09918107370337	0	0	5.43143277221649	0	0	0	0	0	0	0	0	0	0	2.90023201856148	0	0	4.07830342577488	0	13.9855721727418	0	0	0	0	0
BSDC1	0	0	0	0	0	0	0	0	0	0	0	0	0	0	0	7.78195814847779	0	0	0	0	0	0	0	0	0	0	0	0	0	0	0	0	0	0	0	0	11.783694988655	0	0	0	0	0	0	0	0	0	0	0	0	0
ZBTB8OS	0	11.6470459119408	0	0	0	0	3.30141961043249	0	2.80269058295964	0	0	0	0	0	0	0	0	0	0	0	0	0	6.66222518321119	0	0	0	0	0	0	0	0	0	0	0	0	0	0	0	0	2.90023201856148	0	0	0	0	0	6.64719170537437	0	0	0	0
RBBP4	2.2306491188936	0	0	0	3.10077519379845	0	6.60283922086497	0	5.60538116591928	0	0	0	0	0	0	0	0	0	0	0	0	0	0	2.72350280938192	0	0	0	0	0	0	0	0	0	0	0	0	0	0	0	0	0	3.21957501609788	0	0	6.86635567134482	0	0	0	0	0
YARS	0	0	0	0	3.10077519379845	0	0	0	0	0	0	10.5042016806723	0	0	0	0	0	0	0	0	0	0	0	0	0	0	0	0	0	0	0	0	0	0	0	0	0	0	0	0	0	3.21957501609788	0	0	0	0	0	0	0	0
S100PBP	0	0	0	0	0	0	0	0	0	0	4.32619444724632	0	0	0	0	0	0	0	0	0	0	0	0	0	0	0	0	0	0	0	0	0	0	0	0	0	0	0	0	2.90023201856148	0	0	0	0	0	0	0	0	0	0
AK2	0	0	0	0	0	0	0	0	2.80269058295964	0	0	0	0	0	0	0	0	0	0	0	0	0	0	0	0	0	0	17.7958946084375	0	18.5873605947955	0	0	0	0	0	0	0	0	0	0	0	0	0	0	0	0	0	0	0	0
PHC2	0	0	0	0	0	0	0	0	0	0	0	0	0	0	1.30650640188137	0	0	0	0	0	0	0	0	0	0	0	0	0	3.1776434604436	0	0	0	0	0	0	0	0	0	0	0	0	0	8.15660685154976	0	0	6.64719170537437	11.6189686919928	0	0	0
SMIM12	0	0	0	0	0	0	0	0	0	0	0	0	0	0	0	0	0	0	0	0	2.58064516129032	0	6.66222518321119	0	0	0	0	0	0	0	0	0	0	2.39693192713327	0	0	11.783694988655	0	0	0	0	0	0	0	0	6.64719170537437	0	0	14.5548260249521	0
GJA4	0	0	0	0	0	0	0	0	0	0	0	0	0	0	0	0	0	0	0	0	0	0	0	13.4873787076906	0	0	0	0	0	0	0	0	0	7.19079578139981	0	0	0	0	0	0	0	0	0	0	0	0	0	0	0	0
ZMYM6	0	0	0	0	0	0	0	0	0	0	0	0	0	0	0	0	0	0	0	0	0	0	0	0	0	0	0	0	0	0	0	3.04878048780488	0	0	0	0	0	0	0	0	0	0	4.07830342577488	0	0	0	0	0	0	0
SFPQ	0	0	0	0	0	0	0	2.87521564117309	0	21.1416490486258	0	0	0	1.71174255391989	0	0	5.55864369093941	0	0	0	0	0	6.66222518321119	4.87031054096576	0	0	0	0	0	0	0	0	1.55933260564478	2.39693192713327	3.07881773399015	0	0	0	0	0	0	0	0	0	13.9855721727418	6.64719170537437	0	0	0	10.515247108307
ZMYM4	0	0	0	0	0	0	0	0	0	0	0	0	0	0	0	0	0	0	0	0	0	0	0	0	0	0	0	0	0	0	0	0	0	0	0	0	0	0	0	0	0	0	0	0	0	0	0	0	0	0
KIAA0319L	0	7.58279827755853	0	0	0	0	0	0	0	0	0	0	0	0	0	0	0	0	0	0	0	0	0	0	0	0	0	0	0	0	0	0	0	0	0	0	0	0	0	0	0	0	0	0	0	0	0	0	0	0
NCDN	0	0	0	0	0	0	0	0	0	0	0	0	0	0	0	0	0	0	4.91159135559921	0	0	0	0	0	0	0	0	0	0	0	0	0	0	0	0	0	0	0	0	0	0	0	0	0	0	0	0	0	0	0
PSMB2	4.4612982377872	0	0	0	0	0	0	0	0	0	0	0	0	5.13522766175967	0	7.78195814847779	5.55864369093941	0	0	0	0	0	0	2.72350280938192	0	9.09918107370337	0	0	5.43143277221649	0	0	0	0	0	3.07881773399015	0	0	0	2.9603315571344	2.90023201856148	0	0	0	0	6.86635567134482	0	0	0	0	0
AGO4	0	0	0	0	0	0	0	0	0	0	0	0	0	0	0	0	0	0	0	0	0	0	0	0	0	0	0	0	0	0	0	0	0	0	0	0	0	0	0	0	0	0	0	3.79794910748196	0	0	11.6189686919928	0	0	0
AGO3	0	0	0	0	3.10077519379845	0	0	0	0	0	0	0	0	0	0	0	0	0	0	0	0	0	0	0	0	0	0	0	0	0	0	0	1.55933260564478	0	0	0	0	0	0	0	0	0	0	0	0	0	0	0	0	0
TRAPPC3	0	0	0	0	3.10077519379845	0	0	0	0	0	4.32619444724632	0	5.98086124401914	0	0	0	5.55864369093941	0	0	0	0	0	0	0	0	0	0	0	0	0	0	0	0	0	0	0	0	0	0	0	0	0	0	0	0	0	0	0	0	0
MAP7D1	2.2306491188936	0	0	0	0	10.7642626480086	0	0	2.80269058295964	0	0	0	0	1.71174255391989	0	0	0	0	0	0	0	0	0	0	0	0	0	0	0	0	0	3.04878048780488	1.55933260564478	2.39693192713327	0	0	0	0	0	0	0	0	0	0	0	0	0	0	0	0
THRAP3	0	0	0	0	3.10077519379845	0	3.30141961043249	0	0	0	0	0	0	1.71174255391989	0	0	5.55864369093941	0	0	0	0	0	0	0	0	0	0	0	0	0	0	0	0	0	0	0	0	0	0	0	0	0	0	3.79794910748196	0	0	0	0	0	0
EVA1B	0	0	0	0	0	0	0	0	0	0	0	0	0	0	0	0	0	0	0	0	0	0	0	0	0	0	0	0	0	0	0	0	0	0	0	0	0	0	0	0	0	0	0	0	0	0	0	0	0	0
STK40	0	0	0	0	0	0	3.30141961043249	0	0	21.1416490486258	0	0	0	0	0	0	0	0	0	0	0	0	0	0	0	0	0	0	3.1776434604436	0	0	0	0	0	0	0	0	0	0	0	0	0	0	0	0	0	0	0	0	0
LSM10	2.2306491188936	0	0	0	0	0	0	0	0	0	4.32619444724632	0	0	0	2.61301280376274	7.78195814847779	0	0	0	0	2.58064516129032	0	0	2.72350280938192	0	0	0	0	3.1776434604436	0	41.5800415800416	0	0	2.39693192713327	0	0	0	0	0	2.90023201856148	0	0	0	0	0	0	0	0	0	0
MRPS15	0	0	0	0	0	0	0	0	0	0	0	0	0	0	0	0	0	0	0	0	0	0	0	0	0	0	0	0	0	0	0	0	1.55933260564478	0	0	0	11.783694988655	0	0	0	0	0	0	0	0	6.64719170537437	0	0	0	0
CSF3R	0	0	0	0	0	0	0	0	0	0	0	0	0	0	1.30650640188137	0	0	0	0	0	0	0	0	0	0	0	0	0	0	0	0	0	0	0	0	0	0	0	0	0	0	0	0	0	0	0	0	0	0	0
ZC3H12A	0	0	0	0	0	0	3.30141961043249	0	0	0	0	0	11.9617224880383	0	1.30650640188137	0	0	0	0	0	2.58064516129032	0	0	0	0	0	0	0	0	0	0	3.04878048780488	0	0	0	0	0	0	0	0	0	0	0	0	0	0	0	0	0	0
MEAF6	0	0	0	0	0	0	0	0	5.60538116591928	0	0	0	0	0	0	0	0	0	0	0	2.58064516129032	0	0	2.72350280938192	0	0	6.12745098039216	0	0	0	0	0	0	0	0	0	0	0	0	0	0	3.21957501609788	0	0	0	0	0	0	0	0
GNL2	0	0	0	0	0	0	0	0	0	0	0	0	0	0	0	0	0	0	4.91159135559921	0	0	0	0	0	0	0	0	0	0	0	10.3950103950104	0	0	0	0	0	0	0	0	2.90023201856148	0	0	0	0	0	0	0	0	0	0
C1orf109	0	0	0	0	0	0	0	0	0	0	0	0	0	0	0	0	0	0	0	0	0	0	0	0	0	0	0	0	0	0	0	0	0	0	0	0	0	5.15463917525773	0	0	0	0	0	0	0	0	0	0	0	0
C1orf122	0	0	0	0	0	0	0	0	2.80269058295964	0	0	0	0	0	0	0	0	0	0	0	0	0	6.66222518321119	0	0	9.09918107370337	0	0	0	0	0	0	0	0	0	0	0	0	0	0	0	0	4.07830342577488	0	0	6.64719170537437	0	0	0	10.515247108307
MTF1	0	0	0	0	0	0	0	0	0	0	0	0	0	0	0	0	0	0	0	0	0	0	0	0	0	0	0	0	0	0	0	0	0	0	0	0	0	0	0	0	0	0	0	0	0	0	0	0	0	0
SF3A3	2.2306491188936	0	0	0	0	0	0	0	0	0	0	0	0	1.71174255391989	0	0	0	0	0	0	2.58064516129032	0	0	0	7.66283524904215	0	0	0	0	0	0	0	0	0	0	0	0	0	0	0	0	3.21957501609788	0	0	0	0	0	0	0	0
RRAGC	2.2306491188936	0	0	0	0	0	0	0	0	0	4.32619444724632	0	0	1.71174255391989	0	0	0	0	0	0	0	0	0	0	0	0	0	0	0	0	0	0	0	0	3.07881773399015	0	0	0	0	0	0	0	0	0	0	0	0	0	0	0
MYCBP	0	0	0	0	0	0	0	0	0	0	0	0	0	0	0	0	0	0	0	0	0	0	0	0	0	0	0	0	0	0	0	0	0	0	0	0	0	0	0	2.90023201856148	0	0	0	0	0	0	0	0	0	0
AKIRIN1	2.2306491188936	7.58279827755853	0	0	0	0	0	0	0	0	0	0	0	0	0	0	0	0	0	0	2.58064516129032	0	0	2.72350280938192	0	0	0	0	0	0	0	3.04878048780488	0	4.79386385426654	0	0	0	0	0	0	0	0	0	0	0	0	0	0	0	0
NDUFS5	0	7.58279827755853	0	14.1506646863452	0	0	0	2.87521564117309	0	21.1416490486258	0	0	0	1.71174255391989	1.30650640188137	0	0	0	0	0	0	9.50570342205323	0	4.87031054096576	7.66283524904215	9.09918107370337	0	0	0	18.5873605947955	0	0	1.55933260564478	0	0	0	11.783694988655	5.15463917525773	5.9206631142688	2.90023201856148	0	0	0	0	6.86635567134482	0	0	4.97512437810945	14.5548260249521	0
MACF1	0	7.58279827755853	0	0	0	0	0	0	0	0	7.20003844237976	0	0	0	1.30650640188137	0	0	0	0	8.63557858376511	0	0	0	2.72350280938192	7.66283524904215	0	0	0	5.43143277221649	0	0	0	0	0	0	0	0	0	0	0	0	3.21957501609788	4.07830342577488	0	6.86635567134482	0	0	0	0	0
PABPC4	0	0	0	0	3.10077519379845	0	0	0	0	0	4.32619444724632	0	0	0	0	7.78195814847779	0	0	0	0	0	0	0	0	0	0	0	0	5.43143277221649	0	0	0	0	0	0	0	0	0	2.9603315571344	0	0	0	0	0	0	0	15.7568977810133	4.97512437810945	0	0
PPIE	2.2306491188936	0	0	0	0	0	0	0	0	0	0	0	0	0	0	0	0	0	0	0	0	0	0	0	0	9.09918107370337	0	0	0	0	0	0	1.55933260564478	0	0	0	0	0	0	0	0	0	0	0	0	0	0	0	0	0
MFSD2A	0	0	0	0	0	0	0	0	0	0	0	0	0	0	0	0	0	0	0	0	0	0	0	0	0	0	0	0	0	0	0	0	0	0	0	0	0	0	0	0	0	0	0	0	0	9.99609046707766	0	0	0	0
CAP1	2.2306491188936	0	0	0	0	21.5285252960172	6.60283922086497	0	5.60538116591928	21.1416490486258	0	21.0084033613445	0	8.55871276959945	3.91951920564411	0	5.55864369093941	0	4.91159135559921	0	2.58064516129032	0	0	2.72350280938192	7.66283524904215	0	0	0	5.43143277221649	0	0	0	3.11866521128957	2.39693192713327	9.23645320197044	0	0	5.15463917525773	2.9603315571344	0	0	0	0	0	11.009306485593	0	0	9.9502487562189	0	10.515247108307
PPT1	0	0	0	0	0	0	0	0	2.80269058295964	0	0	0	0	5.13522766175967	5.22602560752548	0	0	0	4.91159135559921	0	2.58064516129032	0	0	0	0	0	0	0	7.17927842346001	0	0	0	1.55933260564478	2.39693192713327	0	0	0	0	0	0	0	6.43915003219575	0	0	0	0	0	0	0	0
RLF	0	0	0	0	0	0	0	0	0	0	0	0	0	0	0	0	0	0	0	0	0	0	0	0	0	0	0	0	0	0	0	3.04878048780488	0	0	0	0	0	0	0	0	0	0	0	0	0	0	0	0	0	0
ZMPSTE24	0	0	0	0	0	0	0	0	0	0	0	0	0	0	0	0	0	0	0	0	0	0	0	0	0	0	0	0	0	0	0	0	0	0	0	0	0	0	0	0	0	0	0	0	0	0	0	0	0	0
SMAP2	0	0	0	0	0	0	0	0	0	0	0	0	0	0	1.30650640188137	7.78195814847779	0	0	0	0	0	0	0	0	0	0	0	0	3.1776434604436	0	0	0	0	0	0	0	11.783694988655	0	0	0	0	3.21957501609788	0	0	0	0	0	0	0	0
NFYC	0	0	0	0	0	0	0	0	0	0	0	0	5.98086124401914	0	0	0	0	0	0	0	0	0	0	0	0	0	0	0	0	0	0	0	0	0	3.07881773399015	0	0	0	0	0	0	0	0	3.79794910748196	6.86635567134482	0	0	0	0	0
CTPS1	0	0	0	0	0	0	0	0	0	0	0	0	0	0	0	7.78195814847779	0	0	0	0	0	0	0	0	0	0	0	0	0	0	0	0	0	0	0	0	0	0	0	0	0	0	0	0	0	0	0	0	0	0
HIVEP3	0	7.58279827755853	0	0	0	0	0	0	0	0	0	0	0	0	0	0	0	0	0	0	0	0	0	0	0	0	0	0	0	0	0	0	0	0	3.07881773399015	0	0	0	0	0	0	0	0	0	0	0	0	0	0	0
FOXJ3	0	0	0	0	0	0	0	0	0	0	0	0	0	0	0	0	0	0	0	0	0	0	0	0	0	0	0	0	0	0	0	0	0	0	0	0	0	0	0	0	0	0	0	0	0	0	0	0	0	10.515247108307
PPCS	0	11.6470459119408	0	0	0	0	0	0	0	0	0	0	0	1.71174255391989	0	0	0	0	0	0	0	0	0	6.64248034362313	0	0	0	0	0	0	0	3.04878048780488	1.55933260564478	0	0	0	0	0	2.9603315571344	0	0	0	0	0	0	0	0	9.9502487562189	14.5548260249521	0
PPIH	0	0	0	0	0	0	0	0	0	0	0	0	0	0	1.30650640188137	0	0	0	0	0	0	0	0	0	7.66283524904215	0	0	0	0	0	0	3.04878048780488	0	0	0	0	0	0	0	0	0	0	0	0	0	0	0	0	0	0
YBX1	13.3838947133616	11.6470459119408	0	0	6.2015503875969	21.5285252960172	9.90425883129746	5.75043128234618	2.80269058295964	0	0	0	5.98086124401914	29.0996234166381	23.5171152338646	0	11.1172873818788	0	9.82318271119843	0	2.58064516129032	9.50570342205323	0	10.6293785371057	0	9.09918107370337	6.12745098039216	20.2822534835209	18.416257137793	0	20.7900207900208	6.09756097560976	7.79666302822392	9.58772770853308	12.3152709359606	0	11.783694988655	0	2.9603315571344	14.5011600928074	0	3.21957501609788	12.2349102773246	7.59589821496392	0	0	18.3349401387169	9.9502487562189	0	31.5457413249211
P3H1	0	0	0	0	0	0	0	0	0	0	0	0	0	0	0	0	0	0	0	0	0	0	0	0	0	0	0	0	0	0	0	0	0	0	0	0	0	0	0	0	0	0	0	0	6.86635567134482	0	0	0	0	0
SVBP	2.2306491188936	0	0	0	0	0	0	0	0	0	0	0	0	0	0	0	0	0	0	0	0	0	0	2.72350280938192	0	0	0	0	0	0	0	3.04878048780488	0	0	0	0	0	0	2.9603315571344	0	0	0	0	0	6.86635567134482	0	0	0	0	0
EBNA1BP2	0	0	0	14.1506646863452	0	0	3.30141961043249	0	0	0	4.32619444724632	10.5042016806723	0	0	0	7.78195814847779	0	0	0	0	0	0	0	0	0	0	0	17.7958946084375	0	0	0	0	0	0	0	0	11.783694988655	0	0	0	0	0	0	0	0	0	0	0	0	0
TIE1	0	0	0	0	0	0	0	0	0	0	0	0	0	0	0	0	0	0	0	0	0	0	0	0	0	0	0	0	0	0	0	0	0	0	0	0	0	0	0	0	0	0	4.07830342577488	0	0	0	0	0	0	0
CDC20	0	0	0	0	0	0	0	0	0	0	0	0	0	0	0	0	0	0	0	0	0	0	0	0	0	0	0	0	0	0	0	0	0	0	0	0	0	0	0	0	0	0	0	0	0	0	0	0	0	0
ELOVL1	0	0	0	0	0	0	0	0	0	0	0	0	0	0	1.30650640188137	0	0	0	0	0	0	0	0	0	0	0	0	0	0	0	10.3950103950104	0	0	0	0	0	0	0	0	0	0	0	4.07830342577488	0	0	6.64719170537437	0	0	0	0
MED8	0	0	0	0	0	0	0	0	0	0	0	0	0	0	0	0	0	0	0	0	0	0	0	0	0	0	0	0	0	0	0	0	0	0	0	0	0	0	0	0	0	0	0	0	0	0	0	0	0	0
ATP6V0B	0	0	0	0	0	0	0	2.87521564117309	0	0	4.32619444724632	0	5.98086124401914	3.42348510783978	1.30650640188137	0	5.55864369093941	0	0	0	2.58064516129032	9.50570342205323	0	2.72350280938192	0	0	0	0	0	0	0	0	0	2.39693192713327	0	0	0	0	0	5.80046403712297	0	0	0	0	11.009306485593	9.99609046707766	0	0	0	0
DMAP1	0	0	0	0	0	0	0	0	0	0	0	0	0	0	0	0	0	0	0	0	0	0	0	0	0	0	0	0	0	0	0	0	0	0	0	0	0	5.15463917525773	0	0	0	0	0	0	0	0	0	0	0	0
ERI3	0	0	0	0	0	0	0	0	0	0	0	0	0	0	0	0	0	0	0	0	0	0	0	0	0	9.09918107370337	0	0	0	0	0	0	0	2.39693192713327	0	0	0	0	0	0	0	0	0	0	0	0	0	4.97512437810945	0	0
RPS8	35.6903859022976	29.8794172182064	19.2678227360308	17.6209767464766	74.4186046511628	10.7642626480086	23.1099372730274	60.3795284646349	47.6457399103139	63.4249471458774	11.0803945310691	0	53.8277511961723	27.3878808627183	23.5171152338646	13.5468875514342	22.2345747637576	0	9.82318271119843	51.8134715025907	33.5483870967742	0	26.6489007328448	26.0914161901088	22.9885057471264	0	73.5294117647059	21.7399369839188	21.2085588393704	0	41.5800415800416	64.0243902439024	109.153282395135	40.7478427612656	83.128078817734	11.9331742243437	28.389199922718	67.0103092783505	38.4843102427472	40.6032482598608	0	41.8544752092724	4.07830342577488	34.1815419673376	0	13.9567769358359	25.6445847784322	34.8258706467662	14.5548260249521	21.0304942166141
PLK3	0	0	0	0	0	0	0	0	2.80269058295964	0	0	0	0	0	0	0	0	0	0	0	0	0	0	0	0	0	6.12745098039216	0	0	0	0	0	0	0	0	0	0	0	0	0	0	0	0	0	0	0	0	0	0	0
EIF2B3	0	0	0	0	0	0	0	0	0	0	0	0	0	0	0	0	0	0	0	0	0	0	0	0	0	0	0	0	3.1776434604436	0	0	0	0	0	0	0	0	0	0	0	0	0	0	0	0	0	0	0	0	0
UROD	0	0	0	14.1506646863452	0	0	0	0	0	0	0	0	0	0	0	7.78195814847779	0	0	4.91159135559921	0	0	0	0	0	0	0	0	0	0	0	0	0	0	0	0	0	0	0	0	0	0	0	0	0	0	0	0	0	0	0
TESK2	0	0	0	0	0	0	0	0	0	0	0	0	0	0	0	0	0	0	0	0	0	0	0	0	0	0	0	0	0	0	0	3.04878048780488	0	0	0	0	0	0	0	0	0	0	0	0	0	0	0	0	0	0
PRDX1	2.2306491188936	0	0	14.1506646863452	3.10077519379845	0	0	0	0	0	0	10.5042016806723	0	1.71174255391989	2.61301280376274	0	16.6759310728182	19.6463654223969	24.5579567779961	0	0	38.0228136882129	0	4.87031054096576	0	0	0	0	5.43143277221649	0	0	0	0	9.58772770853308	6.1576354679803	0	0	0	0	2.90023201856148	12.1951219512195	3.21957501609788	0	0	0	0	0	0	0	0
AKR1A1	0	0	0	0	3.10077519379845	0	0	0	0	0	4.32619444724632	0	0	0	1.30650640188137	0	0	0	9.82318271119843	0	2.58064516129032	0	0	0	0	0	0	0	3.1776434604436	0	0	0	1.55933260564478	0	0	0	0	0	0	0	0	3.21957501609788	0	0	6.86635567134482	0	0	0	0	0
NASP	0	0	0	0	0	0	0	0	0	0	0	0	0	0	0	0	0	0	0	0	0	0	0	2.72350280938192	0	0	0	0	0	0	0	3.04878048780488	1.55933260564478	2.39693192713327	0	0	0	0	0	0	0	0	0	0	0	0	0	0	0	0
GPBP1L1	0	0	0	0	0	0	0	2.87521564117309	0	0	0	0	0	0	0	0	0	0	0	0	0	0	0	6.64248034362313	7.66283524904215	0	0	0	3.1776434604436	0	0	0	0	0	0	0	0	0	0	0	0	3.21957501609788	0	0	0	0	0	4.97512437810945	0	0
TMEM69	0	0	0	0	0	0	0	2.87521564117309	0	0	0	0	0	0	0	0	0	0	0	0	0	9.50570342205323	0	0	0	0	0	0	0	0	0	3.04878048780488	0	0	0	0	0	0	0	0	0	0	0	0	0	0	11.6189686919928	0	14.5548260249521	0
LRRC41	0	0	0	0	0	0	3.30141961043249	0	0	0	0	0	0	0	0	0	0	0	0	0	0	0	0	0	0	0	0	0	0	0	0	0	0	0	0	0	0	0	0	0	0	0	0	0	0	0	0	0	0	0
UQCRH	2.2306491188936	0	0	14.1506646863452	6.2015503875969	0	3.30141961043249	0	5.60538116591928	0	0	10.5042016806723	5.98086124401914	3.42348510783978	3.91951920564411	0	0	0	0	0	0	0	0	6.64248034362313	0	0	0	0	10.8600571035752	0	0	6.09756097560976	3.11866521128957	4.79386385426654	0	0	18.9780012834795	10.3092783505155	2.9603315571344	2.90023201856148	12.1951219512195	0	4.07830342577488	0	11.009306485593	0	15.7568977810133	0	14.5548260249521	0
MKNK1	0	0	0	0	0	0	0	0	0	0	0	0	0	0	0	0	0	0	0	0	0	0	0	0	0	0	0	0	3.1776434604436	0	0	0	0	0	0	0	0	0	0	0	0	3.21957501609788	0	0	0	0	0	0	0	0
ATPAF1	2.2306491188936	7.58279827755853	0	0	0	0	0	0	0	0	0	0	0	0	0	0	0	0	0	0	0	0	6.66222518321119	0	0	0	0	0	0	0	0	0	0	0	0	0	0	0	0	2.90023201856148	0	0	0	0	0	0	0	0	0	0
EFCAB14	0	7.58279827755853	0	0	0	0	0	0	0	21.1416490486258	0	0	0	0	2.61301280376274	7.78195814847779	0	0	0	0	0	0	0	0	0	0	0	17.7958946084375	0	0	0	0	0	2.39693192713327	3.07881773399015	0	0	0	0	0	0	3.21957501609788	4.07830342577488	0	0	0	0	0	0	0
CYP4A11	0	0	0	14.1506646863452	0	0	0	0	0	0	0	0	0	0	0	0	0	0	0	0	0	0	0	0	0	0	0	0	0	18.5873605947955	0	0	0	0	0	0	0	0	0	0	0	0	0	0	0	9.99609046707766	0	0	0	0
CMPK1	2.2306491188936	0	0	14.1506646863452	0	0	0	5.75043128234618	5.60538116591928	0	4.32619444724632	0	5.98086124401914	1.71174255391989	2.61301280376274	7.78195814847779	0	0	0	0	2.58064516129032	0	0	0	0	0	6.12745098039216	17.7958946084375	0	0	0	6.09756097560976	1.55933260564478	0	3.07881773399015	0	0	0	0	0	0	3.21957501609788	0	0	0	0	0	0	0	0
FAF1	0	0	0	0	0	0	0	0	0	0	0	0	0	0	0	0	0	0	0	0	0	0	0	0	0	0	0	0	0	0	0	0	0	0	0	0	0	0	0	0	0	0	4.07830342577488	0	0	0	0	0	0	0
CDKN2C	2.2306491188936	0	0	0	0	0	0	0	0	0	0	0	0	1.71174255391989	0	0	0	0	0	0	0	0	0	2.72350280938192	0	0	0	0	0	0	0	0	0	2.39693192713327	0	0	0	0	0	0	0	0	0	0	6.86635567134482	0	0	0	0	0
RNF11	0	0	0	0	0	0	0	0	0	0	0	0	0	0	0	0	0	0	0	8.63557858376511	0	0	6.66222518321119	2.72350280938192	0	0	0	17.7958946084375	0	0	0	0	0	2.39693192713327	0	0	0	0	0	0	0	0	0	0	0	0	0	0	0	0
EPS15	0	0	0	0	0	0	0	0	2.80269058295964	0	0	0	0	0	2.61301280376274	0	0	0	0	0	0	0	0	0	0	0	0	0	0	0	0	0	0	0	0	0	0	0	0	0	0	0	4.07830342577488	0	0	0	0	0	0	0
OSBPL9	0	0	0	0	0	0	0	0	0	0	4.32619444724632	0	0	1.71174255391989	0	7.78195814847779	0	0	0	0	0	0	0	0	0	0	0	0	0	0	0	0	0	0	0	0	0	0	0	0	0	3.21957501609788	0	0	0	0	0	0	0	0
NRDC	0	0	0	0	3.10077519379845	0	0	0	0	0	0	0	0	0	1.30650640188137	0	0	0	0	0	0	0	0	2.72350280938192	0	0	0	0	0	0	0	0	3.11866521128957	2.39693192713327	0	0	0	0	0	0	0	0	0	0	0	0	0	0	0	0
TXNDC12	0	0	0	0	3.10077519379845	0	3.30141961043249	0	0	0	0	10.5042016806723	0	0	0	0	0	0	0	0	0	0	6.66222518321119	0	7.66283524904215	0	0	0	3.1776434604436	0	0	0	0	0	0	0	0	0	0	0	0	3.21957501609788	0	0	0	0	0	0	0	0
BTF3L4	2.2306491188936	0	0	0	0	10.7642626480086	3.30141961043249	0	0	0	0	0	0	0	0	7.78195814847779	0	0	4.91159135559921	0	0	0	0	2.72350280938192	0	0	0	0	3.1776434604436	18.5873605947955	0	0	0	0	0	0	0	0	2.9603315571344	0	0	0	0	0	0	6.64719170537437	0	0	0	0
PRPF38A	0	0	0	0	0	0	0	0	0	0	0	10.5042016806723	0	0	0	0	0	0	0	0	0	0	0	0	7.66283524904215	0	0	0	0	0	0	3.04878048780488	0	0	3.07881773399015	0	0	0	0	0	0	0	4.07830342577488	0	0	0	0	0	0	0
ZCCHC11	0	0	0	0	3.10077519379845	0	0	0	0	0	0	0	0	0	0	0	0	0	0	0	0	0	0	0	7.66283524904215	0	0	0	3.1776434604436	0	0	0	0	0	0	0	0	5.15463917525773	0	0	0	0	12.2349102773246	3.79794910748196	0	0	0	0	0	0
GPX7	0	0	0	0	0	0	0	0	0	0	0	0	0	0	0	0	0	0	0	0	0	0	0	0	0	0	0	0	0	0	0	0	1.55933260564478	0	0	0	0	0	0	0	0	0	0	0	0	0	0	0	0	0
ZYG11B	0	0	0	0	0	0	0	0	0	0	4.32619444724632	0	0	0	0	0	0	0	0	0	0	0	0	0	0	0	0	0	5.43143277221649	0	0	0	0	0	0	0	0	0	0	2.90023201856148	0	0	0	0	0	6.64719170537437	0	0	0	0
ECHDC2	0	0	0	14.1506646863452	3.10077519379845	0	3.30141961043249	0	0	0	15.7924181301176	0	0	0	0	0	0	0	0	0	0	0	0	0	0	0	0	17.7958946084375	0	0	0	0	0	0	0	0	0	5.15463917525773	0	0	0	0	0	0	0	9.99609046707766	0	0	14.5548260249521	0
SCP2	0	7.58279827755853	0	0	0	0	0	0	0	0	9.35530051315037	0	0	5.13522766175967	1.30650640188137	16.5878662281997	0	0	0	8.63557858376511	0	9.50570342205323	0	0	0	0	0	0	8.60720372315219	0	0	0	0	2.39693192713327	6.1576354679803	0	0	0	0	0	0	0	0	0	0	15.3264858193323	11.6189686919928	0	14.5548260249521	0
C1orf123	0	0	0	0	0	0	0	0	0	0	0	0	0	0	0	7.78195814847779	0	0	0	0	0	0	0	0	0	0	0	0	0	0	0	0	0	7.19079578139981	0	0	0	0	0	0	0	0	0	0	0	0	0	0	0	10.515247108307
MAGOH	0	0	0	0	0	0	3.30141961043249	5.75043128234618	2.80269058295964	0	0	0	0	0	0	0	0	0	4.91159135559921	0	0	0	0	0	0	0	0	0	0	0	10.3950103950104	0	1.55933260564478	2.39693192713327	3.07881773399015	0	0	0	0	0	0	0	0	0	0	0	11.6189686919928	0	0	0
NDC1	0	0	0	0	0	0	0	0	0	21.1416490486258	0	0	0	0	0	0	0	0	0	0	0	0	0	0	0	0	0	0	0	0	0	0	0	0	0	0	0	0	0	0	0	0	0	0	0	0	0	0	0	0
YIPF1	0	0	0	0	0	0	0	0	0	0	0	0	0	0	0	0	0	0	0	0	0	0	0	0	0	0	0	0	3.1776434604436	0	0	0	0	0	0	0	0	0	0	0	0	0	0	0	0	0	0	0	0	0
HSPB11	2.2306491188936	7.58279827755853	0	0	0	0	0	0	2.80269058295964	0	0	0	0	0	2.61301280376274	0	0	0	0	0	0	0	0	0	7.66283524904215	0	0	0	0	0	0	0	0	0	0	0	0	0	2.9603315571344	0	0	3.21957501609788	0	0	0	0	0	0	0	0
TMEM59	2.2306491188936	7.58279827755853	0	14.1506646863452	3.10077519379845	10.7642626480086	0	2.87521564117309	0	0	4.32619444724632	0	0	3.42348510783978	2.61301280376274	0	0	39.2927308447937	14.7347740667976	8.63557858376511	0	0	0	11.6737084637502	0	9.09918107370337	0	0	0	0	0	3.04878048780488	0	4.79386385426654	6.1576354679803	0	11.783694988655	0	2.9603315571344	2.90023201856148	0	3.21957501609788	0	3.79794910748196	0	0	0	4.97512437810945	0	0
MRPL37	0	0	0	0	0	0	0	0	0	0	0	0	0	0	1.30650640188137	7.78195814847779	0	0	0	0	0	0	0	0	0	0	0	0	0	0	0	0	0	0	0	0	0	0	2.9603315571344	0	0	0	0	0	0	6.64719170537437	0	0	0	0
SSBP3	0	0	0	0	0	0	0	0	0	0	0	0	0	0	0	0	0	0	0	0	0	0	0	0	0	0	0	0	0	0	0	0	0	0	3.07881773399015	0	0	0	0	0	0	0	0	0	0	6.64719170537437	0	4.97512437810945	0	0
DHCR24	0	0	0	21.1803237400521	0	0	0	0	0	0	16.6569121395113	0	0	0	0	0	0	0	0	0	0	0	0	0	0	0	0	0	0	0	10.3950103950104	0	0	0	0	0	0	0	0	0	0	0	0	0	11.009306485593	13.9567769358359	0	0	24.3648569151376	0
USP24	0	0	0	0	0	0	0	0	0	0	4.32619444724632	10.5042016806723	0	0	0	0	0	0	0	0	0	0	0	0	0	0	0	0	0	0	0	0	0	0	0	0	0	0	0	0	0	0	0	3.79794910748196	0	0	0	0	0	0
PLPP3	0	0	0	0	0	0	0	0	0	0	0	0	0	0	0	0	0	0	0	0	0	0	0	10.6293785371057	0	0	0	0	0	0	0	0	0	0	0	0	0	0	0	0	0	0	28.5481239804241	0	18.2171588834146	0	0	0	0	0
C8A	0	0	0	0	0	0	0	0	0	0	0	0	0	0	0	0	0	0	0	0	0	0	0	0	0	0	0	0	0	18.5873605947955	0	0	0	0	0	0	0	0	0	0	0	0	0	0	0	9.99609046707766	0	0	14.5548260249521	0
C8B	0	0	0	0	0	0	0	0	0	0	0	0	0	0	0	0	0	0	0	0	0	0	0	0	0	0	0	0	0	0	0	0	0	0	0	0	0	0	0	0	0	0	0	0	0	0	0	0	0	0
OMA1	0	0	0	0	0	0	0	0	0	0	0	0	0	0	0	0	0	0	0	0	0	0	0	0	0	0	0	0	0	0	0	0	0	0	0	0	0	0	0	0	0	0	0	0	0	0	0	0	0	0
TACSTD2	0	0	0	0	0	0	0	0	0	0	0	0	0	0	0	0	0	0	0	0	0	0	0	0	0	0	0	0	0	0	0	0	0	0	0	0	0	0	0	0	0	0	0	0	0	0	0	0	0	0
MYSM1	0	0	0	0	0	0	0	0	0	0	0	0	0	0	0	0	0	0	0	0	0	0	0	0	0	0	0	0	0	0	0	0	0	0	0	0	0	0	0	0	0	0	0	0	0	0	0	0	0	0
JUN	2.2306491188936	7.58279827755853	0	0	37.2093023255814	0	3.30141961043249	0	11.2107623318386	0	7.20003844237976	0	0	0	2.61301280376274	0	0	0	0	0	0	0	0	0	0	36.3967242948135	6.12745098039216	0	0	0	10.3950103950104	3.04878048780488	1.55933260564478	11.9846596356663	3.07881773399015	0	0	0	0	0	0	6.43915003219575	4.07830342577488	0	6.86635567134482	0	0	0	0	0
FGGY	0	0	0	0	0	0	0	0	0	0	0	0	0	0	0	0	0	0	0	0	0	0	0	0	0	0	0	0	0	0	0	0	0	0	0	0	0	0	0	0	0	0	0	0	0	0	0	0	0	0
NFIA	0	7.58279827755853	0	0	0	0	0	0	0	0	9.35530051315037	0	0	0	0	0	0	0	0	0	0	0	0	2.72350280938192	0	0	0	0	3.1776434604436	0	0	0	0	2.39693192713327	0	0	0	0	0	0	0	0	0	0	0	6.64719170537437	0	0	0	0
TM2D1	0	0	0	0	0	0	0	0	0	0	0	0	0	0	0	0	0	0	0	0	0	0	0	0	0	0	0	0	0	0	0	0	0	4.79386385426654	0	0	11.783694988655	0	0	0	0	0	4.07830342577488	0	0	6.64719170537437	0	0	0	0
USP1	0	0	0	0	3.10077519379845	0	0	0	0	0	0	0	0	1.71174255391989	0	0	0	0	0	0	2.58064516129032	0	0	0	0	0	0	0	0	0	0	3.04878048780488	0	0	0	0	11.783694988655	0	0	0	0	3.21957501609788	0	3.79794910748196	0	0	0	9.9502487562189	0	0
ANGPTL3	0	7.58279827755853	0	0	0	0	0	0	0	0	7.20003844237976	0	0	0	0	11.270437230074	0	0	0	0	0	0	0	0	0	0	0	0	0	0	0	0	0	0	0	0	0	0	0	0	0	0	0	0	0	12.2526271860646	0	0	0	0
ATG4C	0	0	0	0	0	0	0	0	0	0	0	0	0	0	0	0	0	0	0	0	0	0	0	0	0	0	0	0	0	0	0	0	0	0	0	0	0	0	0	0	0	0	0	0	0	0	0	0	0	0
ALG6	0	0	0	0	0	0	0	0	0	0	0	0	0	0	0	0	0	0	0	0	0	0	0	0	0	0	0	0	0	0	0	0	0	0	0	0	0	0	2.9603315571344	0	0	0	0	0	0	0	0	0	0	0
ITGB3BP	0	0	0	0	3.10077519379845	0	0	0	0	0	0	0	0	0	0	0	0	0	0	0	0	0	0	4.87031054096576	0	0	0	0	0	0	0	0	0	0	0	0	0	0	0	0	0	0	0	0	0	0	0	0	0	0
PGM1	0	0	0	0	0	0	0	0	0	0	4.32619444724632	0	0	0	0	7.78195814847779	0	0	0	0	0	0	0	0	0	0	0	0	0	0	0	0	1.55933260564478	0	0	0	0	0	0	0	0	0	0	0	0	9.99609046707766	0	0	0	0
JAK1	0	0	0	0	3.10077519379845	0	0	2.87521564117309	2.80269058295964	0	0	0	0	0	1.30650640188137	7.78195814847779	5.55864369093941	0	4.91159135559921	0	0	0	0	0	0	0	6.12745098039216	0	3.1776434604436	0	0	3.04878048780488	0	0	3.07881773399015	0	0	0	2.9603315571344	0	0	9.65872504829363	0	7.59589821496392	6.86635567134482	0	0	0	0	0
LEPROT	0	0	0	0	0	0	0	0	0	0	0	10.5042016806723	0	0	1.30650640188137	0	0	0	4.91159135559921	0	0	0	0	4.87031054096576	7.66283524904215	0	0	0	0	0	0	0	0	0	0	0	0	0	0	0	0	0	0	0	6.86635567134482	6.64719170537437	0	0	0	0
LEPR	0	0	0	0	0	0	0	0	0	0	11.0803945310691	0	0	0	0	0	0	0	0	0	0	0	0	0	0	0	0	0	0	0	0	0	0	0	0	0	0	0	0	0	0	0	0	0	0	0	0	0	0	0
PDE4B	0	0	0	0	0	0	0	0	2.80269058295964	0	0	0	0	0	0	0	5.55864369093941	0	0	0	0	0	0	0	0	0	0	0	0	0	0	0	0	0	0	0	0	0	0	0	0	0	4.07830342577488	0	0	0	0	0	0	10.515247108307
MIER1	2.2306491188936	0	0	0	0	0	0	0	0	0	4.32619444724632	0	0	1.71174255391989	0	0	0	0	0	0	0	0	0	0	7.66283524904215	0	0	0	0	0	0	3.04878048780488	0	2.39693192713327	0	0	0	0	0	0	0	3.21957501609788	0	3.79794910748196	6.86635567134482	0	0	0	0	0
SLC35D1	0	0	0	0	0	0	0	0	0	0	0	0	0	0	0	7.78195814847779	0	0	0	0	0	0	0	0	0	0	0	0	0	0	0	0	0	0	0	0	0	5.15463917525773	0	0	0	0	0	0	0	6.64719170537437	0	0	0	0
SERBP1	0	0	0	0	3.10077519379845	0	0	0	2.80269058295964	0	0	0	0	1.71174255391989	2.61301280376274	0	0	0	0	0	0	0	6.66222518321119	4.87031054096576	0	18.1983621474067	6.12745098039216	0	0	0	0	3.04878048780488	1.55933260564478	2.39693192713327	3.07881773399015	0	0	5.15463917525773	0	2.90023201856148	0	6.43915003219575	8.15660685154976	3.79794910748196	0	6.64719170537437	11.6189686919928	4.97512437810945	0	0
GADD45A	0	0	0	0	0	0	0	0	0	0	0	0	0	0	0	7.78195814847779	0	0	0	0	5.16129032258065	0	0	10.6293785371057	0	0	0	0	0	0	10.3950103950104	0	1.55933260564478	2.39693192713327	0	0	11.783694988655	0	0	0	0	0	0	0	0	6.64719170537437	0	0	0	0
GNG12	0	0	0	0	0	0	0	0	0	0	4.32619444724632	0	0	1.71174255391989	0	0	0	0	0	0	0	0	0	0	0	0	0	0	0	0	0	0	0	2.39693192713327	0	0	0	0	0	0	0	0	0	0	0	0	0	0	0	0
WLS	0	0	0	0	0	0	0	0	0	0	0	0	0	0	1.30650640188137	0	0	0	0	0	0	0	0	2.72350280938192	0	0	0	0	0	0	0	0	0	2.39693192713327	0	0	0	0	0	0	0	0	0	0	0	0	0	0	0	0
LRRC40	0	0	0	0	0	0	0	0	0	0	0	0	0	0	0	0	0	0	0	0	0	0	0	0	0	0	0	0	0	0	0	0	0	0	0	0	0	0	0	0	0	3.21957501609788	0	0	0	0	0	0	0	0
SRSF11	0	7.58279827755853	0	0	0	0	0	0	2.80269058295964	0	12.5187925557606	0	0	1.71174255391989	1.30650640188137	0	0	0	0	0	0	0	0	2.72350280938192	0	0	0	0	0	18.5873605947955	0	0	3.11866521128957	2.39693192713327	0	0	0	0	2.9603315571344	0	0	0	0	0	0	6.64719170537437	0	0	0	0
ANKRD13C	0	0	0	0	0	0	0	0	0	0	0	0	0	0	0	0	0	0	0	0	0	0	0	0	0	0	0	0	0	0	0	0	0	0	0	0	0	0	0	0	0	0	0	0	0	0	0	0	0	0
HHLA3	0	0	0	0	0	0	0	0	0	0	0	0	0	0	0	0	0	0	0	0	0	0	0	0	0	0	0	0	0	0	0	0	0	0	0	0	16.2015790428676	0	0	0	0	0	0	0	0	0	0	4.97512437810945	0	0
ZRANB2	2.2306491188936	0	0	0	0	0	0	0	0	0	4.32619444724632	0	0	0	0	0	0	0	0	0	0	0	6.66222518321119	0	0	0	0	0	3.1776434604436	0	0	0	0	0	0	0	0	0	0	0	0	0	0	3.79794910748196	0	0	0	0	0	0
CRYZ	0	0	0	0	0	0	0	0	0	0	0	0	0	0	0	0	0	0	0	0	0	0	0	0	0	0	6.12745098039216	0	0	0	0	3.04878048780488	0	2.39693192713327	6.1576354679803	0	0	0	0	0	0	0	0	0	0	0	0	0	0	0
TYW3	0	0	0	14.1506646863452	0	0	0	0	0	0	0	0	0	0	0	7.78195814847779	0	0	0	0	0	0	0	0	0	0	0	0	0	0	0	0	0	2.39693192713327	0	0	0	0	0	0	0	0	4.07830342577488	0	0	6.64719170537437	0	0	0	0
ACADM	0	0	0	0	0	10.7642626480086	0	0	0	0	0	0	5.98086124401914	0	0	7.78195814847779	0	0	0	0	0	0	0	0	0	0	0	0	0	0	0	0	0	0	0	0	0	0	0	0	0	6.43915003219575	0	0	0	0	0	0	0	0
RABGGTB	0	0	0	0	0	0	0	0	0	0	0	0	0	0	0	0	0	0	0	0	0	0	0	0	0	0	0	0	0	0	0	0	1.55933260564478	0	0	0	11.783694988655	5.15463917525773	0	0	12.1951219512195	0	0	0	6.86635567134482	0	0	0	0	0
ST6GALNAC3	0	0	0	0	0	0	0	0	0	0	0	0	0	0	0	0	0	0	0	0	0	0	0	2.72350280938192	0	0	0	0	0	0	0	0	0	0	0	0	0	0	0	0	0	0	0	0	0	0	0	0	0	0
PIGK	0	0	0	0	0	0	0	0	0	0	0	0	0	0	0	0	0	0	0	0	0	0	0	2.72350280938192	0	0	0	0	0	0	0	0	0	0	0	0	0	0	0	0	0	0	4.07830342577488	0	0	0	0	0	0	0
ZZZ3	0	0	0	0	0	0	0	0	0	0	4.32619444724632	0	0	0	0	0	0	0	0	0	0	0	0	0	0	0	0	0	0	0	0	0	0	0	0	0	0	0	0	0	0	0	0	3.79794910748196	0	6.64719170537437	0	0	0	0
USP33	0	0	0	0	0	0	0	0	0	0	0	0	0	0	0	0	0	0	0	0	0	0	0	0	0	0	0	0	0	0	0	0	0	4.79386385426654	0	0	0	0	0	0	0	0	4.07830342577488	0	0	0	11.6189686919928	0	0	0
FUBP1	0	0	0	0	0	0	0	0	0	0	0	0	0	0	1.30650640188137	0	0	0	0	0	0	0	0	0	0	0	0	0	0	0	0	3.04878048780488	0	0	0	0	0	0	2.9603315571344	0	0	0	4.07830342577488	3.79794910748196	0	0	0	0	0	0
DNAJB4	0	0	0	0	0	0	0	0	0	0	4.32619444724632	0	0	0	0	0	0	0	0	0	0	0	0	0	0	0	0	0	0	0	0	0	0	4.79386385426654	0	0	0	0	0	0	0	0	0	0	0	0	0	0	0	0
RP11-386I14.4	0	0	0	0	0	0	0	0	0	0	0	0	0	0	0	0	0	0	0	0	0	0	0	0	0	0	0	0	0	0	0	0	0	9.58772770853308	0	0	16.2015790428676	0	0	0	0	0	0	0	0	0	0	0	0	0
IFI44L	0	0	0	0	0	0	0	0	0	0	0	0	0	0	0	0	0	0	0	0	0	0	0	0	0	9.09918107370337	0	0	0	0	0	0	0	0	0	0	0	0	0	0	0	0	0	0	0	0	0	0	0	0
IFI44	2.2306491188936	0	0	0	0	0	0	0	0	0	0	0	0	3.42348510783978	0	0	0	0	0	0	0	0	0	0	0	0	6.12745098039216	0	3.1776434604436	18.5873605947955	0	0	0	0	0	0	0	0	0	0	0	3.21957501609788	0	0	6.86635567134482	0	0	0	0	0
ADGRL4	0	0	0	0	0	0	0	0	0	0	0	0	0	0	0	0	0	0	0	0	0	0	0	2.72350280938192	0	0	0	0	0	0	0	0	0	0	0	0	0	0	0	0	0	0	0	0	18.2171588834146	0	0	0	0	0
ADGRL2	0	0	0	0	0	0	0	0	0	0	0	0	0	0	0	0	0	0	0	0	0	0	0	0	0	0	0	0	0	0	0	0	0	0	0	0	0	0	0	0	0	0	4.07830342577488	0	0	0	0	0	0	0
PRKACB	2.2306491188936	0	0	0	0	0	0	0	0	0	0	0	0	0	0	0	5.55864369093941	0	0	0	2.58064516129032	0	0	2.72350280938192	0	0	0	0	0	0	0	0	0	0	0	0	0	0	5.9206631142688	0	0	0	0	3.79794910748196	0	6.64719170537437	0	0	0	0
RPF1	0	0	0	0	0	0	0	2.87521564117309	0	0	0	0	0	0	0	0	0	0	0	0	0	0	0	0	7.66283524904215	0	0	0	0	0	0	6.09756097560976	0	0	0	0	0	0	0	0	0	0	0	0	0	0	0	0	0	0
GNG5	0	0	0	17.6209767464766	3.10077519379845	10.7642626480086	3.30141961043249	5.75043128234618	0	0	4.32619444724632	10.5042016806723	0	6.84697021567956	0	0	0	0	0	8.63557858376511	0	0	0	6.64248034362313	0	0	0	17.7958946084375	3.1776434604436	0	0	6.09756097560976	1.55933260564478	0	0	11.9331742243437	0	0	0	2.90023201856148	0	0	0	7.59589821496392	6.86635567134482	9.99609046707766	0	0	0	0
CTBS	0	0	0	0	3.10077519379845	0	0	0	0	0	4.32619444724632	0	0	0	0	0	0	0	0	0	0	0	0	6.64248034362313	0	9.09918107370337	0	0	0	0	0	0	0	0	0	0	0	0	0	0	0	0	0	0	0	6.64719170537437	0	0	0	0
C1orf52	0	0	0	0	0	0	0	0	2.80269058295964	0	0	0	0	0	0	0	0	0	0	0	0	0	0	2.72350280938192	0	0	0	0	0	0	0	3.04878048780488	0	0	0	0	0	0	2.9603315571344	0	0	0	0	0	0	0	0	0	0	0
BCL10	0	0	0	0	0	0	0	0	0	0	0	0	0	0	0	0	0	0	4.91159135559921	0	0	0	0	0	0	0	0	0	0	0	0	0	0	0	0	0	0	0	0	0	0	0	0	0	0	0	0	0	0	0
CYR61	0	0	0	0	0	0	0	0	0	0	0	0	0	0	0	0	0	0	0	0	0	0	0	4.87031054096576	0	0	0	0	0	0	0	0	0	0	0	0	0	0	0	0	0	0	0	0	0	0	0	0	0	0
ODF2L	0	7.58279827755853	0	0	0	0	0	0	0	0	0	10.5042016806723	0	0	0	0	0	0	0	0	0	0	0	0	15.3256704980843	0	0	0	0	0	0	0	0	0	0	0	0	0	2.9603315571344	2.90023201856148	0	3.21957501609788	12.2349102773246	0	0	0	0	0	0	10.515247108307
SH3GLB1	0	0	0	0	0	0	0	0	0	0	0	0	0	1.71174255391989	1.30650640188137	0	0	0	0	17.2711571675302	0	0	0	0	0	0	0	0	3.1776434604436	0	0	0	1.55933260564478	2.39693192713327	0	0	0	0	0	0	0	0	8.15660685154976	0	0	0	0	0	0	0
SEP15	2.2306491188936	7.58279827755853	0	0	3.10077519379845	10.7642626480086	0	0	0	0	0	0	0	3.42348510783978	3.91951920564411	0	0	0	0	8.63557858376511	0	0	0	0	0	0	0	0	7.17927842346001	0	10.3950103950104	6.09756097560976	3.11866521128957	0	0	0	0	0	2.9603315571344	0	0	0	4.07830342577488	0	0	0	0	0	0	0
HS2ST1	0	0	0	0	0	0	0	0	0	0	0	0	0	0	0	0	0	0	0	0	0	0	0	0	0	0	0	0	3.1776434604436	0	0	0	0	0	0	0	0	0	0	0	0	0	0	0	0	0	0	0	0	0
LMO4	0	11.6470459119408	0	0	0	10.7642626480086	0	0	5.60538116591928	0	4.32619444724632	0	0	1.71174255391989	1.30650640188137	7.78195814847779	0	0	0	8.63557858376511	0	0	0	2.72350280938192	0	0	0	0	5.43143277221649	0	0	0	0	2.39693192713327	0	0	0	10.3092783505155	0	2.90023201856148	0	0	0	7.59589821496392	0	0	11.6189686919928	0	0	0
PKN2	0	0	0	0	0	0	0	0	0	0	0	0	0	1.71174255391989	0	0	0	0	0	0	2.58064516129032	0	0	0	0	0	0	0	0	0	0	0	0	0	3.07881773399015	0	0	0	0	0	0	0	4.07830342577488	0	0	0	0	0	0	0
GTF2B	2.2306491188936	0	0	0	0	0	3.30141961043249	0	0	0	0	0	0	0	0	0	0	0	0	0	2.58064516129032	0	0	0	0	0	0	0	0	0	0	0	0	0	0	0	11.783694988655	0	0	0	0	0	0	0	0	0	0	0	0	0
GBP3	0	0	0	0	0	0	0	0	0	0	0	0	0	0	0	0	0	0	0	0	0	0	0	0	0	0	0	0	3.1776434604436	0	0	0	0	0	0	0	0	0	0	0	0	0	0	0	0	0	0	0	0	0
GBP1	0	0	0	0	0	0	0	0	0	0	0	0	0	1.71174255391989	0	0	5.55864369093941	0	0	0	0	0	0	0	0	0	0	0	0	0	10.3950103950104	3.04878048780488	1.55933260564478	0	0	0	0	0	0	0	0	3.21957501609788	4.07830342577488	0	0	0	0	4.97512437810945	0	0
GBP2	2.2306491188936	0	0	0	0	10.7642626480086	0	0	0	0	0	0	0	0	1.30650640188137	0	0	0	4.91159135559921	0	0	0	0	0	0	0	0	0	0	0	0	0	0	0	0	0	0	0	0	2.90023201856148	0	0	0	0	0	0	0	0	0	0
GBP4	0	0	0	0	3.10077519379845	0	0	0	0	0	0	0	0	0	0	0	0	0	0	0	0	0	0	2.72350280938192	0	0	0	0	3.1776434604436	0	0	0	0	0	0	0	0	0	0	0	0	0	0	0	0	0	0	0	0	0
GBP5	2.2306491188936	0	0	0	3.10077519379845	0	3.30141961043249	5.75043128234618	0	0	0	0	0	0	0	0	0	0	0	0	0	0	0	0	0	0	0	0	3.1776434604436	0	0	0	0	0	0	0	0	0	0	0	0	6.43915003219575	0	0	0	0	0	0	0	0
LRRC8C	0	0	0	0	0	0	0	0	0	0	0	0	0	0	0	0	0	0	0	0	0	0	0	0	0	0	0	0	3.1776434604436	0	0	0	0	0	0	0	0	0	0	0	0	0	0	0	0	0	0	0	0	0
ZNF326	0	0	0	0	0	0	3.30141961043249	2.87521564117309	0	0	0	0	0	0	0	0	0	0	0	0	2.58064516129032	0	0	0	0	0	0	0	0	0	0	0	0	0	0	0	0	0	0	0	0	0	0	0	0	0	0	0	0	0
ZNF644	0	0	0	0	0	0	0	0	0	0	4.32619444724632	0	0	0	0	0	0	0	0	0	0	0	0	0	0	0	0	0	0	0	0	0	0	2.39693192713327	0	0	0	0	0	0	0	0	4.07830342577488	0	0	0	0	0	0	0
TGFBR3	0	0	0	0	0	0	0	0	0	0	0	0	0	0	0	7.78195814847779	0	0	0	0	0	0	0	2.72350280938192	7.66283524904215	0	0	0	3.1776434604436	0	0	0	0	0	0	0	0	0	0	0	0	0	0	0	6.86635567134482	6.64719170537437	0	0	0	0
GLMN	0	0	0	0	0	0	3.30141961043249	0	0	0	0	0	0	0	0	0	0	0	0	0	0	0	0	0	7.66283524904215	0	0	0	0	0	0	0	0	0	0	0	0	0	0	0	0	0	0	0	0	0	0	0	0	0
RPAP2	0	0	0	0	0	0	0	0	0	0	0	0	0	0	0	0	0	0	0	0	0	0	0	0	0	0	0	0	0	0	0	0	0	0	0	0	0	0	0	0	0	0	0	3.79794910748196	0	0	0	0	0	0
RPL5	44.612982377872	20.9872097564332	19.2678227360308	14.1506646863452	24.8062015503876	10.7642626480086	23.1099372730274	31.627372052904	25.2242152466368	0	0	10.5042016806723	0	15.405682985279	13.0650640188137	17.7082730127667	0	39.2927308447937	29.4695481335953	17.2711571675302	36.1290322580645	0	0	18.0876609395652	15.3256704980843	0	36.7647058823529	0	10.8600571035752	18.5873605947955	0	18.2926829268293	46.7799781693435	16.7785234899329	30.7881773399015	0	16.2015790428676	20.6185567010309	29.603315571344	31.9025522041763	0	16.0978750804894	4.07830342577488	30.3835928598557	0	0	23.9441089881919	29.8507462686567	0	21.0304942166141
FAM69A	0	0	0	0	0	0	0	0	0	0	0	0	0	0	0	0	0	0	0	0	0	0	0	0	0	0	0	0	0	0	0	0	0	0	0	0	0	0	0	0	0	0	0	0	0	0	0	0	0	0
MTF2	0	7.58279827755853	0	0	0	10.7642626480086	0	0	0	0	0	0	0	0	1.30650640188137	0	0	0	0	0	0	0	0	0	0	0	0	0	0	0	0	0	0	0	0	0	0	0	0	0	0	0	0	0	0	0	0	0	0	0
TMED5	0	0	0	0	0	0	0	0	0	0	0	0	0	1.71174255391989	0	11.270437230074	0	0	0	0	0	0	0	0	0	0	0	0	0	0	0	0	0	0	0	0	0	0	0	0	0	0	0	0	0	0	0	0	0	0
CCDC18	0	0	0	0	0	0	0	0	0	0	0	0	0	0	0	0	0	0	0	0	0	0	0	0	0	0	0	0	0	0	0	0	0	0	0	0	0	0	0	0	0	0	0	0	0	0	0	0	0	0
DR1	0	0	0	0	3.10077519379845	0	0	0	2.80269058295964	0	0	0	0	0	1.30650640188137	0	0	0	0	0	0	0	0	0	7.66283524904215	0	0	0	0	0	0	0	0	0	0	0	0	0	2.9603315571344	0	0	0	0	0	6.86635567134482	0	0	0	0	0
FNBP1L	0	0	0	0	0	0	0	0	0	0	0	0	0	0	0	0	0	0	0	0	0	0	0	0	0	0	0	0	0	0	0	0	0	0	0	0	0	0	0	0	0	0	0	0	0	0	0	0	0	0
DNTTIP2	0	7.58279827755853	0	0	0	0	0	0	0	0	0	0	0	0	0	0	0	0	0	0	0	0	0	0	0	0	0	0	0	0	0	0	0	0	0	0	0	0	0	0	0	0	0	3.79794910748196	0	0	0	0	0	0
GCLM	0	0	0	0	0	0	0	0	0	0	4.32619444724632	0	0	0	0	0	0	0	0	0	0	0	0	0	0	0	0	0	0	0	0	0	0	0	0	0	0	0	0	0	0	0	0	0	0	6.64719170537437	0	0	0	0
ARHGAP29	0	0	0	0	0	0	0	0	0	0	0	0	0	0	0	0	0	0	0	0	0	0	0	6.64248034362313	0	0	0	0	0	0	0	0	0	2.39693192713327	0	0	0	0	0	0	0	0	4.07830342577488	0	0	0	0	0	0	0
ABCD3	0	0	0	0	0	0	0	0	0	0	4.32619444724632	0	0	0	0	0	0	0	0	0	0	0	0	0	0	0	0	0	0	0	0	0	0	0	0	0	0	0	0	0	0	0	0	0	0	0	0	0	0	0
CNN3	0	0	0	0	0	0	0	0	0	0	0	0	0	0	0	0	0	0	0	0	0	0	0	4.87031054096576	0	0	0	0	0	0	0	0	1.55933260564478	2.39693192713327	0	0	0	0	0	0	0	0	8.15660685154976	0	21.2386072130185	0	0	0	0	0
ALG14	0	0	0	0	0	0	0	0	0	0	0	0	0	0	0	0	0	0	0	0	0	0	0	0	0	0	0	0	0	0	0	0	0	2.39693192713327	0	0	0	0	0	0	0	0	0	0	0	6.64719170537437	0	0	0	0
RWDD3	0	0	0	0	0	0	0	0	0	0	0	0	0	0	0	0	0	0	0	0	0	0	0	0	0	0	0	0	0	0	0	0	0	0	0	0	0	0	0	0	0	0	0	0	0	0	0	0	0	0
PTBP2	0	0	0	0	0	0	0	0	0	0	0	0	0	0	0	0	0	0	0	0	0	0	0	0	0	0	0	0	0	0	0	0	0	0	0	0	11.783694988655	0	0	0	0	0	0	0	0	0	0	0	0	0
DPYD	0	0	0	0	0	0	0	0	0	0	0	0	0	0	1.30650640188137	0	0	0	0	0	0	0	0	0	0	0	0	0	0	0	0	0	0	0	0	0	0	0	0	0	0	0	0	0	0	0	11.6189686919928	0	0	0
SLC35A3	0	0	0	0	0	0	0	0	0	0	0	10.5042016806723	0	0	0	7.78195814847779	0	0	0	0	0	0	0	0	0	0	0	0	0	0	0	0	0	0	0	0	0	0	0	0	0	0	0	0	0	0	0	0	0	0
MFSD14A	0	0	0	0	0	0	0	0	0	0	0	0	0	0	0	0	0	0	0	0	0	0	0	0	0	0	0	0	0	0	0	0	0	2.39693192713327	0	0	0	5.15463917525773	0	2.90023201856148	0	0	0	0	0	0	11.6189686919928	0	0	0
RTCA	0	0	0	0	0	0	6.60283922086497	0	0	0	0	0	0	0	0	0	0	0	0	0	0	0	0	0	0	0	0	0	3.1776434604436	0	0	0	3.11866521128957	0	0	0	0	0	0	0	0	0	0	0	0	0	0	0	0	0
VCAM1	0	0	0	0	0	0	0	0	0	0	0	0	0	5.13522766175967	0	0	16.6759310728182	0	0	0	0	0	0	6.64248034362313	0	0	0	0	20.3837336011307	0	0	0	0	0	0	0	0	0	0	0	0	0	4.07830342577488	0	0	0	0	0	0	0
SLC30A7	0	0	0	0	0	0	0	0	0	0	4.32619444724632	0	0	0	0	0	0	0	0	0	0	0	0	2.72350280938192	0	0	0	0	3.1776434604436	0	0	0	0	0	0	0	0	0	2.9603315571344	0	0	0	12.2349102773246	0	0	0	0	0	0	0
DPH5	0	0	0	0	0	0	0	0	0	0	0	0	0	0	0	0	0	0	0	0	0	0	0	0	0	0	0	0	0	0	0	0	1.55933260564478	0	3.07881773399015	0	0	0	0	0	0	3.21957501609788	0	0	0	0	0	0	0	0
S1PR1	0	0	0	0	0	0	0	0	0	0	0	0	0	0	0	0	0	0	0	0	2.58064516129032	0	0	0	0	0	0	0	0	0	0	0	0	0	0	0	0	0	0	0	0	0	0	0	0	0	0	0	0	0
VAV3	0	0	0	0	0	0	0	0	2.80269058295964	0	0	0	0	0	0	0	0	0	0	0	0	0	0	0	0	0	0	0	3.1776434604436	0	0	3.04878048780488	0	0	0	0	0	0	0	0	0	0	0	0	0	0	0	0	0	0
SLC25A24	0	0	0	0	0	0	0	0	0	0	0	0	0	0	0	0	0	0	0	0	0	0	0	0	0	0	0	0	0	0	0	0	0	0	0	0	0	0	0	0	0	0	0	0	6.86635567134482	0	0	0	0	0
FAM102B	0	0	0	0	0	0	0	0	0	0	0	0	0	0	0	0	0	0	0	0	0	0	0	2.72350280938192	0	0	0	0	0	0	0	0	0	0	0	0	0	0	0	0	0	0	0	0	0	0	0	0	0	0
PRPF38B	6.69194735668079	0	0	0	3.10077519379845	0	3.30141961043249	5.75043128234618	2.80269058295964	0	4.32619444724632	0	0	1.71174255391989	0	0	0	0	0	0	5.16129032258065	0	19.9866755496336	0	0	0	0	0	0	0	0	0	1.55933260564478	0	0	0	0	0	2.9603315571344	0	0	3.21957501609788	0	0	6.86635567134482	0	0	0	0	0
STXBP3	0	0	0	0	0	0	0	2.87521564117309	0	0	0	0	0	0	0	0	5.55864369093941	0	0	0	2.58064516129032	0	0	0	0	0	0	0	0	0	0	0	0	0	0	11.9331742243437	0	0	0	0	0	0	0	0	0	0	0	0	0	0
CLCC1	0	0	0	0	0	0	0	0	0	0	0	0	0	0	0	0	0	0	0	0	0	0	0	0	0	0	0	0	0	0	0	0	0	0	0	0	0	0	0	0	0	0	0	0	0	6.64719170537437	0	0	0	0
TAF13	0	0	0	0	0	0	0	0	0	0	4.32619444724632	0	0	0	1.30650640188137	0	0	0	0	0	0	0	0	0	0	0	0	0	0	0	0	0	0	0	0	0	0	0	0	0	0	0	4.07830342577488	0	0	0	0	0	0	0
TMEM167B	0	0	0	0	0	10.7642626480086	0	0	0	0	0	0	0	0	0	0	0	0	0	0	0	9.50570342205323	0	2.72350280938192	0	0	0	0	0	0	0	3.04878048780488	0	0	0	0	0	0	0	0	0	0	0	0	0	0	0	4.97512437810945	0	0
SARS	0	0	0	0	0	0	0	2.87521564117309	2.80269058295964	0	0	0	0	0	0	7.78195814847779	0	0	0	0	0	0	0	0	0	0	0	0	3.1776434604436	0	0	0	1.55933260564478	4.79386385426654	0	0	0	5.15463917525773	5.9206631142688	0	0	0	0	0	0	6.64719170537437	0	0	0	0
SORT1	0	0	0	0	0	0	0	0	0	0	0	0	0	0	0	0	0	0	0	0	0	0	0	0	0	0	0	0	0	0	0	0	0	0	0	0	0	0	0	0	0	0	0	0	0	0	0	0	0	0
PSMA5	0	0	0	0	0	0	0	0	0	0	0	0	0	1.71174255391989	0	0	0	0	0	0	0	0	0	0	0	0	0	0	0	0	0	0	3.11866521128957	0	0	0	0	0	2.9603315571344	0	0	3.21957501609788	0	3.79794910748196	6.86635567134482	0	0	0	0	0
GNAI3	0	0	0	0	0	0	0	0	0	0	0	0	0	0	1.30650640188137	0	0	0	0	0	0	0	0	0	0	0	0	0	3.1776434604436	0	0	6.09756097560976	1.55933260564478	4.79386385426654	0	0	0	0	2.9603315571344	0	0	0	0	0	0	0	0	0	0	0
AMPD2	0	0	0	0	0	0	0	0	0	0	0	0	0	0	0	0	0	0	0	0	0	0	0	0	0	0	0	0	0	0	0	0	0	0	0	0	0	0	0	0	0	0	0	0	0	0	0	0	0	0
GSTM4	0	0	0	0	0	0	0	0	0	0	0	0	0	0	0	0	0	0	0	0	0	0	0	0	0	0	0	0	3.1776434604436	0	0	0	0	0	0	0	0	0	0	0	0	0	0	0	0	0	0	0	0	0
GSTM3	0	0	0	0	0	0	0	2.87521564117309	0	0	4.32619444724632	0	0	0	0	0	0	0	0	0	0	0	0	0	0	0	0	0	0	0	0	0	0	4.79386385426654	0	0	0	0	0	0	0	0	0	0	0	0	0	0	0	0
CSF1	0	0	0	0	0	0	0	0	0	0	0	0	0	0	0	0	0	0	0	0	0	0	0	0	7.66283524904215	0	0	0	0	0	0	0	0	0	0	0	0	0	0	0	0	0	0	0	0	0	0	0	0	0
AHCYL1	0	0	0	0	0	0	0	0	0	0	4.32619444724632	0	0	0	2.61301280376274	0	0	0	0	0	0	0	0	2.72350280938192	0	0	0	0	5.43143277221649	0	0	0	0	0	0	0	0	0	0	0	0	0	8.15660685154976	0	6.86635567134482	0	0	0	0	0
LAMTOR5	0	0	0	0	0	0	3.30141961043249	0	0	0	0	0	5.98086124401914	1.71174255391989	5.22602560752548	0	5.55864369093941	0	4.91159135559921	0	0	0	6.66222518321119	2.72350280938192	0	0	0	0	0	18.5873605947955	0	3.04878048780488	1.55933260564478	2.39693192713327	6.1576354679803	0	0	0	0	0	0	0	0	15.1917964299278	0	0	0	0	0	0
RP11-284N8.3	2.2306491188936	0	0	0	0	0	0	0	0	21.1416490486258	0	0	0	0	0	0	0	0	0	0	0	0	0	0	0	0	0	0	0	0	0	0	0	0	0	0	0	0	0	2.90023201856148	0	6.43915003219575	0	0	0	0	0	0	0	0
CD53	8.92259647557439	0	0	0	3.10077519379845	0	3.30141961043249	0	2.80269058295964	21.1416490486258	0	0	11.9617224880383	0	1.30650640188137	0	0	0	4.91159135559921	8.63557858376511	0	19.0114068441065	19.9866755496336	0	0	0	0	0	0	0	0	0	3.11866521128957	0	6.1576354679803	11.9331742243437	11.783694988655	0	11.8413262285376	5.80046403712297	12.1951219512195	6.43915003219575	0	3.79794910748196	0	0	0	9.9502487562189	0	0
LRIF1	0	0	0	0	0	0	0	0	0	0	0	0	0	0	0	0	0	0	0	0	0	0	0	0	0	0	0	0	0	0	0	0	0	0	0	0	0	0	2.9603315571344	0	0	3.21957501609788	4.07830342577488	0	0	6.64719170537437	0	0	14.5548260249521	0
DRAM2	0	0	0	0	0	0	0	0	0	0	0	0	0	0	2.61301280376274	7.78195814847779	0	0	4.91159135559921	0	0	9.50570342205323	0	0	0	0	0	0	7.17927842346001	0	0	0	0	0	0	0	0	0	0	0	0	0	0	3.79794910748196	0	0	0	0	0	0
CEPT1	0	0	0	0	0	0	0	0	0	0	4.32619444724632	0	0	1.71174255391989	0	0	0	0	0	0	2.58064516129032	0	0	0	0	0	0	0	0	0	0	0	0	0	0	0	0	0	0	0	0	0	0	3.79794910748196	0	0	0	0	0	0
DENND2D	2.2306491188936	7.58279827755853	0	0	0	10.7642626480086	3.30141961043249	2.87521564117309	0	0	0	0	5.98086124401914	0	0	0	0	0	0	0	7.74193548387097	0	0	0	0	0	12.2549019607843	0	3.1776434604436	0	10.3950103950104	3.04878048780488	0	0	3.07881773399015	0	0	0	0	2.90023201856148	0	3.21957501609788	0	3.79794910748196	0	0	0	4.97512437810945	0	0
CHI3L2	0	0	0	0	0	0	0	0	0	0	0	0	5.98086124401914	0	0	0	0	0	0	0	0	0	0	0	0	0	0	0	0	0	10.3950103950104	3.04878048780488	0	0	0	0	0	5.15463917525773	0	0	0	0	0	3.79794910748196	0	0	0	0	0	0
WDR77	0	0	0	0	0	0	0	0	0	0	0	0	0	0	0	0	0	0	0	0	0	0	0	0	0	0	0	17.7958946084375	0	0	0	0	0	0	0	0	0	0	0	0	0	0	0	3.79794910748196	0	0	0	0	0	0
ATP5F1	0	7.58279827755853	0	0	0	0	0	0	0	0	0	0	0	0	1.30650640188137	7.78195814847779	0	0	0	0	2.58064516129032	0	0	9.4656180056555	0	0	6.12745098039216	0	3.1776434604436	0	0	0	0	0	0	0	16.2015790428676	0	0	2.90023201856148	0	0	0	0	0	0	0	0	0	0
C1orf162	0	0	0	0	0	0	0	0	0	0	0	0	0	8.55871276959945	2.61301280376274	0	0	0	0	0	0	0	0	0	0	0	0	0	14.0348940635854	0	0	0	0	0	0	0	0	0	0	0	12.1951219512195	0	0	0	0	0	11.6189686919928	0	0	0
RAP1A	2.2306491188936	0	0	0	0	0	3.30141961043249	0	2.80269058295964	0	4.32619444724632	0	5.98086124401914	0	0	0	0	19.6463654223969	4.91159135559921	0	0	0	13.3244503664224	0	7.66283524904215	0	6.12745098039216	0	5.43143277221649	0	0	3.04878048780488	1.55933260564478	2.39693192713327	3.07881773399015	11.9331742243437	0	0	2.9603315571344	8.70069605568446	0	3.21957501609788	8.15660685154976	7.59589821496392	0	0	0	0	0	0
DDX20	0	0	0	0	0	0	0	2.87521564117309	0	0	0	0	0	0	0	0	0	0	0	0	0	0	0	0	0	0	0	0	0	0	0	0	0	0	0	0	0	0	0	0	0	0	0	0	0	0	0	0	0	0
ST7L	0	0	0	0	0	0	0	0	0	0	0	0	0	0	0	0	0	0	4.91159135559921	0	0	0	0	0	0	0	0	0	0	0	0	0	0	0	0	0	11.783694988655	0	0	0	0	0	0	0	0	0	0	0	0	0
CAPZA1	2.2306491188936	0	0	0	0	0	13.2056784417299	0	2.80269058295964	0	0	0	0	6.84697021567956	1.30650640188137	7.78195814847779	0	0	0	0	0	0	0	0	0	0	0	17.7958946084375	0	0	0	0	0	0	3.07881773399015	0	0	0	2.9603315571344	0	0	0	0	0	6.86635567134482	0	0	0	0	10.515247108307
MOV10	0	0	0	0	0	0	0	0	0	0	0	0	0	0	0	0	0	0	0	0	0	0	0	0	0	0	0	0	0	0	0	0	0	0	0	0	0	0	0	0	0	0	0	0	6.86635567134482	0	0	0	0	0
RHOC	2.2306491188936	0	0	0	0	10.7642626480086	0	2.87521564117309	2.80269058295964	0	0	0	0	0	1.30650640188137	0	0	0	0	0	0	9.50570342205323	6.66222518321119	2.72350280938192	0	0	0	0	0	0	10.3950103950104	6.09756097560976	1.55933260564478	0	6.1576354679803	0	0	0	2.9603315571344	0	0	6.43915003219575	4.07830342577488	7.59589821496392	16.309882634319	0	0	4.97512437810945	0	0
SLC16A1	0	0	0	0	0	0	0	0	0	0	0	0	0	0	0	0	0	0	0	0	0	0	0	0	0	0	0	0	0	0	0	0	0	0	0	0	0	0	0	0	0	0	0	0	0	0	0	0	0	0
RSBN1	0	0	0	0	0	0	0	0	0	0	0	0	0	0	0	0	0	0	0	0	2.58064516129032	0	0	0	0	0	0	0	0	0	0	0	1.55933260564478	0	0	0	0	0	0	0	0	0	0	0	0	0	0	0	14.5548260249521	0
PTPN22	0	0	0	0	0	0	3.30141961043249	2.87521564117309	0	0	0	0	0	0	0	0	0	0	0	0	0	0	0	0	7.66283524904215	0	0	0	0	0	0	0	0	0	0	0	0	0	0	0	0	6.43915003219575	0	3.79794910748196	0	0	0	0	0	0
AP4B1	0	0	0	0	0	0	0	0	0	0	0	0	0	0	0	0	0	0	0	0	0	0	0	0	0	0	0	0	0	0	0	0	0	0	3.07881773399015	0	0	0	0	0	0	0	0	0	0	0	0	0	0	0
HIPK1	0	0	0	0	0	0	0	2.87521564117309	0	0	4.32619444724632	0	0	0	0	0	0	0	0	0	0	0	0	0	0	0	0	17.7958946084375	3.1776434604436	0	0	0	0	0	0	0	0	0	0	0	0	0	4.07830342577488	0	0	0	0	0	14.5548260249521	0
TRIM33	0	7.58279827755853	0	14.1506646863452	0	0	0	2.87521564117309	0	0	0	0	0	0	1.30650640188137	0	0	0	0	0	0	0	0	4.87031054096576	0	0	0	0	0	0	0	0	0	0	0	0	0	0	0	0	0	0	0	0	0	6.64719170537437	0	0	0	0
BCAS2	2.2306491188936	0	0	0	0	0	3.30141961043249	0	2.80269058295964	21.1416490486258	4.32619444724632	0	0	0	0	0	0	0	0	0	2.58064516129032	0	0	0	0	0	0	0	5.43143277221649	0	0	0	0	2.39693192713327	0	0	0	0	0	2.90023201856148	0	0	0	0	0	0	0	0	0	0
NRAS	0	0	0	0	0	0	0	0	0	0	0	0	0	0	0	0	0	0	0	0	0	0	0	0	0	0	0	0	3.1776434604436	0	0	0	0	0	0	0	0	0	0	0	0	0	0	0	6.86635567134482	0	0	0	0	0
CSDE1	0	0	0	0	3.10077519379845	0	0	5.75043128234618	0	0	4.32619444724632	10.5042016806723	5.98086124401914	3.42348510783978	3.91951920564411	0	0	0	0	0	5.16129032258065	0	13.3244503664224	0	0	0	0	0	0	0	0	0	0	2.39693192713327	0	0	0	0	0	0	0	3.21957501609788	4.07830342577488	0	0	0	0	0	0	0
SIKE1	0	0	0	0	0	0	0	0	0	0	0	0	0	1.71174255391989	0	7.78195814847779	0	0	0	0	2.58064516129032	0	0	0	0	0	0	0	0	0	0	0	0	0	0	0	0	0	0	0	0	0	0	0	0	0	0	0	0	0
TSPAN2	0	0	0	0	0	0	0	0	0	0	0	0	0	0	0	0	0	0	0	0	0	0	0	0	7.66283524904215	0	0	0	0	0	0	0	0	0	0	0	0	0	0	0	0	0	0	0	0	0	0	0	0	0
VANGL1	0	0	0	0	0	0	0	0	0	0	0	0	0	0	0	0	0	0	0	0	0	0	6.66222518321119	0	0	0	0	0	0	0	0	0	0	0	0	0	0	0	0	0	0	0	4.07830342577488	0	0	0	0	0	0	0
ATP1A1	0	0	0	0	3.10077519379845	0	0	0	5.60538116591928	0	0	0	0	1.71174255391989	1.30650640188137	0	5.55864369093941	0	0	0	0	0	0	4.87031054096576	0	0	6.12745098039216	17.7958946084375	3.1776434604436	0	0	0	1.55933260564478	0	0	0	0	0	2.9603315571344	0	0	0	0	0	0	0	15.7568977810133	0	0	0
CD58	0	0	0	0	0	0	0	0	0	0	0	0	0	0	0	0	0	0	4.91159135559921	0	0	0	0	0	0	0	0	0	0	0	10.3950103950104	0	0	0	0	0	0	0	2.9603315571344	0	0	0	0	0	0	0	0	0	0	0
CD2	2.2306491188936	7.58279827755853	0	0	0	0	6.60283922086497	14.3760782058654	5.60538116591928	0	0	0	17.9425837320574	0	0	0	0	0	0	0	2.58064516129032	0	13.3244503664224	0	0	0	12.2549019607843	0	0	0	0	15.2439024390244	0	0	0	0	0	0	11.8413262285376	11.6009280742459	0	6.43915003219575	0	7.59589821496392	0	0	0	0	0	0
MAN1A2	0	0	0	0	0	0	0	0	0	0	0	0	0	0	0	0	0	0	0	0	0	0	0	0	0	0	0	0	0	0	0	0	0	0	0	0	0	0	0	2.90023201856148	0	0	0	0	0	0	0	0	0	0
FAM46C	0	0	0	0	0	0	9.90425883129746	0	0	0	0	0	5.98086124401914	0	0	0	0	0	0	0	5.16129032258065	0	0	0	0	9.09918107370337	6.12745098039216	0	0	0	0	0	0	0	0	0	16.2015790428676	5.15463917525773	0	5.80046403712297	0	0	0	7.59589821496392	0	0	0	0	0	0
PHGDH	0	0	0	0	0	0	0	0	0	0	0	0	0	0	0	7.78195814847779	0	0	0	0	0	0	0	0	0	0	0	0	0	0	0	0	0	0	0	0	0	0	0	0	0	0	0	0	0	6.64719170537437	0	0	0	0
HMGCS2	0	0	0	14.1506646863452	0	0	0	0	0	0	11.0803945310691	0	0	0	0	0	0	0	0	0	0	0	0	0	0	0	0	0	0	0	0	0	0	0	0	0	0	0	0	0	0	0	0	0	0	13.9567769358359	0	0	0	0
NOTCH2	0	0	0	0	0	0	0	0	0	0	0	0	5.98086124401914	0	0	7.78195814847779	0	0	0	0	0	0	0	0	0	0	0	0	3.1776434604436	0	0	0	0	0	0	0	0	0	0	0	0	0	0	0	0	0	0	4.97512437810945	0	0
SEC22B	0	0	0	0	0	0	0	0	0	0	0	10.5042016806723	0	3.42348510783978	0	11.270437230074	0	0	4.91159135559921	0	0	0	0	0	0	0	0	0	0	0	0	0	0	0	0	0	0	5.15463917525773	0	0	0	0	0	0	6.86635567134482	0	0	0	0	0
LINC00623	0	0	0	0	0	0	0	2.87521564117309	0	0	0	0	5.98086124401914	0	0	0	0	0	0	0	0	0	0	0	0	0	0	0	0	0	0	3.04878048780488	0	0	0	0	0	0	0	0	0	0	0	0	0	0	0	0	0	0
FCGR1B	0	0	0	0	0	0	0	0	0	0	0	0	0	0	0	0	0	0	0	0	0	0	0	0	0	0	0	0	0	0	0	0	0	0	0	0	0	0	0	0	0	0	0	0	0	0	0	0	0	0
SRGAP2C	0	0	0	0	0	0	0	0	0	0	0	0	0	0	0	0	0	0	0	8.63557858376511	0	0	0	0	0	0	0	0	0	0	0	0	0	0	0	0	0	0	0	0	0	0	0	0	0	0	0	0	0	0
PDZK1	0	0	0	0	0	0	0	0	0	0	0	0	0	0	0	0	0	0	0	0	0	0	0	0	0	0	0	0	0	0	0	0	0	2.39693192713327	0	0	0	0	0	0	0	0	0	0	0	6.64719170537437	0	0	0	0
CD160	0	0	0	0	6.2015503875969	43.0570505920344	6.60283922086497	0	2.80269058295964	0	0	0	0	0	0	0	0	0	0	0	0	0	0	0	0	0	0	0	0	0	10.3950103950104	9.14634146341463	0	0	0	0	0	0	2.9603315571344	14.5011600928074	0	12.8783000643915	0	11.3938473224459	0	0	0	14.9253731343284	0	0
RNF115	0	0	0	0	3.10077519379845	0	0	0	0	0	0	0	0	0	0	0	0	0	0	0	0	0	0	0	0	0	0	0	3.1776434604436	0	0	0	0	0	0	0	0	0	0	0	0	0	4.07830342577488	0	0	0	0	0	0	10.515247108307
PEX11B	0	0	0	0	0	0	0	0	0	0	0	0	0	0	2.61301280376274	0	0	0	0	0	0	0	0	0	0	0	0	0	0	0	0	0	0	0	0	0	0	0	0	0	0	0	0	0	0	0	0	0	0	0
RBM8A	0	7.58279827755853	0	0	0	0	0	0	8.40807174887893	21.1416490486258	0	0	0	1.71174255391989	0	0	5.55864369093941	0	0	0	0	0	6.66222518321119	4.87031054096576	0	0	0	0	0	0	0	3.04878048780488	1.55933260564478	0	0	0	0	0	2.9603315571344	2.90023201856148	12.1951219512195	0	0	0	0	0	11.6189686919928	4.97512437810945	0	0
LIX1L	2.2306491188936	0	0	0	0	0	0	2.87521564117309	0	0	0	0	0	0	0	0	0	0	0	0	0	0	6.66222518321119	0	0	0	0	0	0	0	0	0	0	0	0	0	0	0	2.9603315571344	0	0	0	0	0	0	0	0	0	0	0
POLR3GL	2.2306491188936	0	0	0	0	0	6.60283922086497	0	0	0	0	0	0	0	0	0	0	0	0	0	2.58064516129032	9.50570342205323	0	2.72350280938192	7.66283524904215	0	0	17.7958946084375	8.60720372315219	0	10.3950103950104	3.04878048780488	0	2.39693192713327	0	0	0	0	0	0	0	0	0	0	0	6.64719170537437	0	4.97512437810945	0	0
TXNIP	2.2306491188936	7.58279827755853	0	14.1506646863452	15.5038759689922	0	6.60283922086497	2.87521564117309	11.2107623318386	21.1416490486258	0	0	5.98086124401914	0	3.91951920564411	0	5.55864369093941	0	0	0	5.16129032258065	0	0	2.72350280938192	0	0	0	0	5.43143277221649	0	20.7900207900208	6.09756097560976	0	0	3.07881773399015	0	0	0	2.9603315571344	5.80046403712297	0	3.21957501609788	0	0	0	0	11.6189686919928	4.97512437810945	0	10.515247108307
PRKAB2	0	0	0	0	0	0	3.30141961043249	0	0	0	4.32619444724632	0	0	0	0	0	0	0	0	0	0	0	0	0	0	0	0	0	0	0	0	0	0	0	0	0	0	0	0	0	0	0	0	0	0	0	0	0	0	0
FMO5	0	0	0	0	0	0	0	0	0	0	4.32619444724632	0	0	0	0	0	0	0	0	0	0	0	0	0	0	0	0	0	0	0	0	0	0	0	0	0	0	0	0	0	0	0	0	0	0	0	0	0	0	0
CHD1L	0	0	0	0	0	0	0	0	0	0	0	0	0	0	0	0	0	0	0	0	0	0	0	0	0	0	0	0	0	0	0	0	0	0	0	0	0	0	0	0	0	0	0	0	0	0	0	0	0	0
ACP6	0	0	0	0	0	0	0	0	0	0	0	0	0	0	0	0	0	0	0	0	0	0	0	0	0	0	0	0	0	0	0	0	0	0	0	0	0	0	0	0	0	0	0	0	0	0	0	0	0	0
GPR89B	0	0	0	0	0	0	0	0	0	0	0	0	0	0	0	0	0	0	0	0	0	0	0	0	0	0	0	0	0	0	0	0	0	0	0	0	0	0	0	0	0	0	0	3.79794910748196	0	0	0	0	0	0
NBPF19	0	0	0	0	0	0	0	0	2.80269058295964	0	0	0	0	0	0	0	0	0	0	8.63557858376511	0	0	0	0	0	0	0	0	0	0	0	0	0	0	0	0	0	0	0	0	0	0	0	3.79794910748196	0	0	0	0	0	0
LINC00869	0	0	0	17.6209767464766	0	0	0	0	8.40807174887893	0	0	0	5.98086124401914	0	0	0	0	0	0	0	0	0	0	0	0	0	0	0	0	0	0	6.09756097560976	0	2.39693192713327	3.07881773399015	0	0	0	0	0	0	0	0	0	0	6.64719170537437	0	0	0	0
FCGR1A	0	0	0	0	0	0	0	0	0	0	0	0	0	0	0	0	0	0	0	0	0	0	0	0	0	0	0	0	0	0	0	0	0	0	0	0	0	0	0	0	0	0	0	0	0	0	0	0	0	0
HIST2H2BE	0	0	0	0	0	0	0	0	0	0	0	0	0	0	0	0	0	0	0	0	0	0	0	0	0	0	0	0	0	0	0	0	0	0	0	0	0	0	0	0	0	0	0	0	0	0	0	0	0	0
SF3B4	0	0	0	0	0	0	0	0	2.80269058295964	0	0	0	0	0	0	0	0	0	0	0	0	0	0	0	0	0	0	0	0	0	0	0	0	0	0	0	11.783694988655	0	0	2.90023201856148	0	0	0	0	0	0	0	4.97512437810945	0	0
VPS45	2.2306491188936	0	0	0	0	0	0	2.87521564117309	0	0	0	0	0	0	0	0	0	19.6463654223969	0	0	0	0	0	0	0	0	0	0	0	0	0	0	0	0	0	0	0	0	0	0	0	0	0	0	0	0	0	0	0	0
PLEKHO1	0	0	0	0	0	0	0	0	0	0	0	0	0	1.71174255391989	2.61301280376274	0	0	0	0	0	0	0	0	0	0	0	0	0	5.43143277221649	0	0	0	0	0	0	0	0	0	0	0	0	0	0	0	0	0	0	0	0	0
ANP32E	2.2306491188936	0	0	0	0	0	0	2.87521564117309	0	0	0	0	0	0	0	0	0	0	0	0	0	0	0	0	0	0	0	0	0	0	0	0	0	0	0	0	0	0	0	0	0	3.21957501609788	0	3.79794910748196	0	0	0	0	0	10.515247108307
APH1A	4.4612982377872	7.58279827755853	0	0	3.10077519379845	0	0	0	0	0	0	0	0	0	0	0	0	0	0	0	0	0	0	4.87031054096576	0	0	0	0	0	0	0	3.04878048780488	0	2.39693192713327	3.07881773399015	0	0	0	0	2.90023201856148	0	0	8.15660685154976	0	0	0	0	0	0	0
C1orf54	2.2306491188936	0	0	0	0	0	0	0	0	21.1416490486258	0	0	0	1.71174255391989	0	0	0	19.6463654223969	14.7347740667976	0	0	28.5171102661597	0	2.72350280938192	0	0	0	0	10.8600571035752	0	0	0	0	0	0	35.799522673031	0	0	0	0	0	0	0	0	0	0	0	0	0	0
MRPS21	2.2306491188936	0	0	0	3.10077519379845	0	0	0	0	0	0	0	0	0	1.30650640188137	0	0	0	4.91159135559921	0	0	0	0	2.72350280938192	0	0	0	0	0	0	0	0	1.55933260564478	0	0	0	0	0	0	0	0	3.21957501609788	0	0	0	0	11.6189686919928	0	0	0
PRPF3	0	0	0	0	0	0	0	0	0	0	0	0	0	0	0	0	0	0	0	0	0	0	0	0	0	9.09918107370337	0	0	0	0	0	0	0	0	0	0	0	0	0	0	0	6.43915003219575	0	0	0	0	0	0	0	0
RPRD2	0	0	0	0	0	0	0	0	0	0	0	0	0	0	0	0	0	0	4.91159135559921	0	0	0	0	0	0	0	0	0	0	0	0	0	0	0	0	0	0	0	0	0	0	0	0	0	0	0	0	0	0	0
ECM1	0	0	0	0	0	0	0	0	0	0	0	0	0	0	0	0	0	0	0	0	0	0	0	0	0	0	0	0	0	0	0	0	0	0	0	0	0	0	0	0	0	0	0	0	0	0	0	0	0	0
MCL1	0	14.4404110020425	0	0	0	0	0	0	2.80269058295964	0	4.32619444724632	0	5.98086124401914	5.13522766175967	6.53253200940685	7.78195814847779	5.55864369093941	0	0	0	0	0	13.3244503664224	4.87031054096576	0	9.09918107370337	0	0	0	0	0	6.09756097560976	0	2.39693192713327	0	11.9331742243437	0	5.15463917525773	0	0	0	0	4.07830342577488	3.79794910748196	0	0	0	0	0	0
ENSA	2.2306491188936	0	0	0	0	0	0	0	0	0	0	0	0	1.71174255391989	2.61301280376274	0	0	0	0	0	0	0	6.66222518321119	6.64248034362313	0	0	0	0	3.1776434604436	0	0	0	0	0	0	0	16.2015790428676	5.15463917525773	0	5.80046403712297	0	3.21957501609788	0	0	0	0	0	4.97512437810945	14.5548260249521	0
GOLPH3L	0	0	0	0	0	0	0	0	0	0	0	0	0	0	0	0	0	0	0	0	0	0	0	0	0	0	0	0	0	0	0	0	0	0	0	0	11.783694988655	0	0	0	0	0	0	0	0	0	0	0	0	0
CTSS	0	0	0	0	0	0	0	0	0	0	0	0	0	15.405682985279	9.14554481316958	0	5.55864369093941	0	14.7347740667976	0	0	47.5285171102662	0	0	0	0	0	0	19.128458852532	0	0	0	0	0	3.07881773399015	0	11.783694988655	0	0	0	24.390243902439	0	4.07830342577488	0	6.86635567134482	0	18.3349401387169	0	0	0
ARNT	0	0	0	0	0	0	0	2.87521564117309	0	0	0	0	0	0	0	0	5.55864369093941	0	0	0	0	0	0	0	0	0	0	0	0	0	0	0	0	0	0	0	0	0	0	0	12.1951219512195	0	0	0	0	0	0	0	0	0
CERS2	0	0	0	14.1506646863452	3.10077519379845	0	0	0	0	0	7.20003844237976	0	0	0	0	0	0	0	0	0	0	0	0	0	0	0	0	0	0	0	0	0	0	0	0	0	0	0	0	0	0	3.21957501609788	0	0	0	6.64719170537437	0	4.97512437810945	14.5548260249521	0
C1orf56	2.2306491188936	0	0	14.1506646863452	0	0	0	0	0	0	0	0	29.9043062200957	0	0	0	5.55864369093941	0	0	0	0	0	6.66222518321119	0	7.66283524904215	0	0	0	3.1776434604436	0	10.3950103950104	0	0	0	3.07881773399015	0	0	0	0	0	0	0	0	0	0	0	0	0	0	10.515247108307
CDC42SE1	0	7.58279827755853	0	14.1506646863452	3.10077519379845	0	0	0	0	0	0	0	17.9425837320574	5.13522766175967	1.30650640188137	0	11.1172873818788	0	0	0	0	0	6.66222518321119	0	0	0	0	0	3.1776434604436	0	0	3.04878048780488	0	0	6.1576354679803	0	0	0	0	0	0	0	0	0	0	0	0	0	0	0
GABPB2	0	0	0	0	0	0	0	0	0	0	0	0	0	1.71174255391989	1.30650640188137	0	0	0	0	0	0	0	0	0	0	0	0	0	0	0	10.3950103950104	0	0	0	0	0	0	0	0	0	0	0	0	0	0	0	0	0	0	0
SCNM1	2.2306491188936	0	0	0	0	0	0	5.75043128234618	0	0	0	0	0	3.42348510783978	0	0	0	0	0	0	0	0	0	0	0	0	0	0	0	0	0	0	0	0	0	0	0	5.15463917525773	0	0	0	3.21957501609788	0	0	0	0	0	0	0	0
VPS72	0	0	0	0	0	0	0	0	0	0	0	0	0	0	0	0	0	0	0	0	0	0	0	0	0	0	0	0	3.1776434604436	0	0	0	0	2.39693192713327	0	0	0	0	0	0	0	0	0	0	0	0	0	0	0	0
PIP5K1A	0	0	0	0	0	0	0	0	0	0	0	0	0	0	1.30650640188137	0	0	0	0	0	0	0	0	0	0	0	0	0	0	0	0	0	0	0	0	0	0	0	0	0	0	0	0	0	0	0	0	0	0	0
PSMD4	0	0	0	0	0	0	0	5.75043128234618	2.80269058295964	0	0	10.5042016806723	0	1.71174255391989	0	0	0	0	4.91159135559921	0	0	0	0	0	0	0	0	0	3.1776434604436	0	0	0	0	0	0	0	0	0	2.9603315571344	0	0	0	0	3.79794910748196	0	0	0	0	14.5548260249521	0
PI4KB	0	0	0	0	0	0	3.30141961043249	0	0	0	0	10.5042016806723	0	0	0	0	0	0	0	0	0	0	0	0	0	0	0	0	0	0	0	0	0	0	0	0	0	0	0	0	0	0	4.07830342577488	0	0	0	0	0	0	0
RFX5	0	0	0	0	0	0	0	0	0	0	0	0	0	0	0	0	0	0	4.91159135559921	8.63557858376511	0	0	0	2.72350280938192	0	0	0	0	0	0	0	0	0	0	0	0	0	0	0	0	0	0	0	0	0	0	0	0	0	0
RP11-126K1.6	0	0	0	0	0	0	0	0	0	0	0	0	0	0	0	0	0	0	0	0	0	0	0	0	0	0	0	0	0	0	0	0	0	0	0	0	0	0	0	0	0	0	0	0	0	0	0	0	0	0
SELENBP1	0	0	0	0	0	0	0	0	0	0	4.32619444724632	0	0	0	0	0	0	0	0	0	0	0	0	0	0	0	0	0	3.1776434604436	0	0	0	0	4.79386385426654	0	0	0	0	0	0	0	0	0	0	0	0	0	0	14.5548260249521	0
PSMB4	0	0	0	0	6.2015503875969	0	0	0	0	0	0	0	0	0	1.30650640188137	0	0	0	4.91159135559921	0	0	0	0	8.15154299623881	7.66283524904215	0	0	0	0	0	0	6.09756097560976	3.11866521128957	0	3.07881773399015	0	0	0	0	0	0	0	0	0	6.86635567134482	0	0	0	0	0
POGZ	0	0	0	0	0	0	0	0	0	0	0	0	0	0	1.30650640188137	0	0	0	0	0	0	0	0	0	7.66283524904215	0	0	0	0	0	0	0	0	0	0	0	0	0	0	0	0	0	4.07830342577488	3.79794910748196	0	0	0	0	0	0
SNX27	0	0	0	0	0	0	0	0	0	0	0	0	0	1.71174255391989	0	0	0	0	4.91159135559921	0	0	0	0	4.87031054096576	0	0	0	0	0	0	0	0	0	2.39693192713327	0	0	0	0	0	0	0	0	0	0	0	0	0	0	0	0
MRPL9	0	0	0	0	0	0	3.30141961043249	0	0	0	0	0	0	0	0	0	0	0	0	0	0	0	0	4.87031054096576	0	0	6.12745098039216	0	0	0	0	3.04878048780488	0	0	0	0	0	0	0	0	0	6.43915003219575	0	0	0	0	0	0	0	0
THEM4	0	0	0	0	0	0	0	0	0	0	0	0	0	0	0	0	0	0	0	0	0	0	0	0	0	0	0	0	0	0	0	0	0	0	0	0	0	0	0	2.90023201856148	0	0	4.07830342577488	0	0	0	0	0	0	0
S100A10	8.92259647557439	0	0	14.1506646863452	0	0	13.2056784417299	0	0	0	0	0	5.98086124401914	3.42348510783978	5.22602560752548	7.78195814847779	0	0	0	0	10.3225806451613	0	6.66222518321119	11.6737084637502	0	0	6.12745098039216	0	3.1776434604436	0	0	0	1.55933260564478	2.39693192713327	0	11.9331742243437	0	0	5.9206631142688	5.80046403712297	0	6.43915003219575	12.2349102773246	0	18.2171588834146	0	0	14.9253731343284	0	0
S100A11	6.69194735668079	0	0	0	3.10077519379845	0	3.30141961043249	0	0	21.1416490486258	0	0	0	3.42348510783978	5.22602560752548	0	11.1172873818788	0	14.7347740667976	0	5.16129032258065	9.50570342205323	0	4.87031054096576	0	9.09918107370337	6.12745098039216	0	5.43143277221649	0	0	0	0	4.79386385426654	0	11.9331742243437	11.783694988655	0	2.9603315571344	2.90023201856148	12.1951219512195	9.65872504829363	0	3.79794910748196	11.009306485593	0	15.7568977810133	0	0	10.515247108307
S100A9	0	0	0	0	0	0	0	5.75043128234618	0	0	4.32619444724632	273.109243697479	0	1.71174255391989	1.30650640188137	0	0	0	0	0	0	0	0	0	0	0	0	17.7958946084375	0	37.1747211895911	0	0	0	7.19079578139981	0	23.8663484486874	0	0	0	0	12.1951219512195	12.8783000643915	4.07830342577488	0	0	0	20.2122920503534	0	14.5548260249521	0
S100A12	0	0	0	0	0	0	0	0	0	0	0	10.5042016806723	0	0	0	0	0	0	0	0	0	0	0	0	0	0	0	0	0	0	0	0	0	0	0	0	0	0	0	0	0	0	0	0	0	0	0	0	0	0
S100A8	0	0	0	0	0	0	0	0	0	21.1416490486258	0	714.285714285714	0	0	5.22602560752548	0	0	0	9.82318271119843	0	0	0	0	0	0	0	0	0	0	37.1747211895911	0	3.04878048780488	0	4.79386385426654	0	11.9331742243437	0	0	0	0	24.390243902439	6.43915003219575	0	0	0	6.64719170537437	15.7568977810133	0	0	0
S100A6	17.8451929511488	0	0	0	9.30232558139535	0	0	17.2512938470385	8.40807174887893	0	0	21.0084033613445	5.98086124401914	0	7.83903841128822	0	0	0	4.91159135559921	0	5.16129032258065	0	13.3244503664224	20.8497799531181	15.3256704980843	0	12.2549019607843	0	0	0	0	6.09756097560976	9.3559956338687	7.19079578139981	3.07881773399015	0	11.783694988655	15.4639175257732	23.6826524570752	17.4013921113689	0	6.43915003219575	0	0	6.86635567134482	0	0	14.9253731343284	0	0
S100A4	20.0758420700424	0	0	0	24.8062015503876	0	6.60283922086497	31.627372052904	28.0269058295964	0	0	10.5042016806723	11.9617224880383	3.42348510783978	11.7585576169323	0	5.55864369093941	0	4.91159135559921	0	15.4838709677419	9.50570342205323	13.3244503664224	0	15.3256704980843	0	55.1470588235294	0	0	18.5873605947955	10.3950103950104	3.04878048780488	4.67799781693435	0	0	0	0	30.9278350515464	2.9603315571344	20.3016241299304	24.390243902439	35.4153251770766	0	0	0	0	15.7568977810133	0	0	21.0304942166141
S100A16	0	0	0	0	0	0	0	0	0	0	0	0	0	0	0	0	0	0	0	0	0	0	0	4.87031054096576	0	9.09918107370337	0	0	3.1776434604436	0	0	0	1.55933260564478	0	0	0	0	0	0	0	0	0	4.07830342577488	0	0	0	0	0	0	0
S100A13	0	0	0	0	0	0	0	2.87521564117309	0	0	0	0	0	0	0	0	0	0	0	0	0	0	0	10.6293785371057	0	0	0	0	0	0	0	0	0	0	0	0	0	0	0	0	0	0	4.07830342577488	0	6.86635567134482	0	0	0	0	0
CHTOP	2.2306491188936	0	0	0	0	0	0	2.87521564117309	2.80269058295964	0	0	0	0	0	1.30650640188137	0	0	0	0	0	2.58064516129032	0	0	0	0	0	0	0	0	0	0	3.04878048780488	0	0	3.07881773399015	0	0	0	0	0	0	0	0	0	0	0	0	0	0	0
SNAPIN	0	0	0	0	3.10077519379845	0	0	0	0	0	0	0	0	0	0	0	5.55864369093941	0	0	8.63557858376511	0	0	0	0	0	0	0	0	0	0	0	0	0	0	0	0	0	0	0	0	0	0	0	0	0	6.64719170537437	11.6189686919928	0	0	0
ILF2	2.2306491188936	0	0	0	0	0	0	0	0	0	4.32619444724632	0	0	1.71174255391989	1.30650640188137	0	0	0	0	8.63557858376511	0	0	0	0	0	0	0	0	3.1776434604436	0	0	3.04878048780488	0	0	0	0	0	0	0	0	0	3.21957501609788	0	3.79794910748196	0	0	0	0	0	0
INTS3	0	0	0	0	0	0	0	0	2.80269058295964	0	0	0	0	0	0	0	0	0	0	0	0	0	0	0	0	0	0	0	0	0	0	3.04878048780488	0	0	0	0	0	0	0	0	0	0	0	0	0	0	0	0	0	0
SLC27A3	0	0	0	0	0	0	0	0	0	0	0	0	0	0	0	0	0	0	0	0	0	0	0	0	0	0	0	0	3.1776434604436	0	0	0	0	2.39693192713327	0	0	0	0	0	0	0	0	0	0	0	0	0	0	0	0
GATAD2B	2.2306491188936	0	0	0	0	0	0	0	0	0	0	0	0	0	0	0	0	0	0	0	0	0	0	0	0	0	0	0	0	0	0	0	0	0	0	0	0	0	0	0	0	0	4.07830342577488	0	0	0	0	0	0	0
DENND4B	0	7.58279827755853	0	0	0	0	0	2.87521564117309	0	0	0	0	0	0	0	0	0	0	0	0	0	0	0	0	0	0	0	0	0	0	0	0	0	0	0	11.9331742243437	0	0	0	0	0	0	0	0	0	0	0	0	0	0
CRTC2	0	0	0	0	0	0	0	0	0	0	0	0	0	0	0	0	0	0	0	0	0	0	0	0	0	0	0	0	0	0	0	0	0	0	0	0	0	0	2.9603315571344	0	0	0	0	0	0	0	0	0	0	0
SLC39A1	0	0	0	0	0	0	0	0	0	0	0	0	0	3.42348510783978	1.30650640188137	0	0	0	4.91159135559921	0	0	0	0	2.72350280938192	0	0	0	0	3.1776434604436	0	0	0	0	2.39693192713327	0	0	0	0	0	0	0	0	0	0	0	0	0	0	0	0
CREB3L4	0	0	0	0	0	0	0	0	0	0	0	0	0	0	0	0	0	0	0	0	0	0	0	0	0	0	0	0	0	0	0	0	0	0	0	0	0	0	0	0	0	0	0	0	0	0	0	0	0	0
JTB	4.4612982377872	0	0	0	0	0	3.30141961043249	0	0	0	0	0	11.9617224880383	3.42348510783978	3.91951920564411	0	0	0	0	0	7.74193548387097	0	0	2.72350280938192	7.66283524904215	9.09918107370337	0	17.7958946084375	5.43143277221649	0	0	3.04878048780488	1.55933260564478	2.39693192713327	0	0	11.783694988655	0	2.9603315571344	2.90023201856148	0	3.21957501609788	0	7.59589821496392	6.86635567134482	9.99609046707766	0	0	14.5548260249521	0
RAB13	0	0	0	0	0	0	0	0	0	0	4.32619444724632	0	0	0	1.30650640188137	0	0	0	0	0	0	0	0	6.64248034362313	0	0	0	0	0	0	0	0	0	2.39693192713327	0	0	0	0	0	0	0	0	0	0	0	0	0	0	0	0
RPS27	95.9179121124247	34.2735181245077	96.3391136801541	24.785990743807	117.829457364341	86.1141011840689	115.549686365137	149.511213341001	151.345291479821	253.69978858351	15.7924181301176	42.0168067226891	161.483253588517	39.3700787401575	74.4708649072381	23.9349524656503	100.055586436909	39.2927308447937	29.4695481335953	86.3557858376511	160	38.0228136882129	173.217854763491	29.1854444654335	130.268199233716	81.8926296633303	128.676470588235	25.6955074340058	23.8426098790337	55.7620817843866	51.975051975052	170.731707317073	207.391236550756	40.7478427612656	95.4433497536946	119.331742243437	33.2199286020783	237.113402061856	165.778567199526	89.907192575406	97.5609756097561	99.8068254990341	8.15660685154976	75.9589821496392	21.2386072130185	18.3185847010546	35.3569092460031	159.203980099502	27.398442504901	210.304942166141
TPM3	4.4612982377872	0	0	0	6.2015503875969	0	0	11.5008625646924	2.80269058295964	0	0	31.5126050420168	0	8.55871276959945	2.61301280376274	0	16.6759310728182	0	0	0	0	9.50570342205323	0	0	15.3256704980843	0	0	0	5.43143277221649	0	0	0	4.67799781693435	0	0	0	11.783694988655	0	8.8809946714032	0	12.1951219512195	0	0	3.79794910748196	0	0	0	0	0	0
C1orf43	0	0	0	0	0	0	0	0	0	0	0	0	5.98086124401914	1.71174255391989	0	0	0	0	0	0	0	0	0	4.87031054096576	0	0	0	0	5.43143277221649	0	0	0	0	0	0	0	0	0	2.9603315571344	0	0	3.21957501609788	0	3.79794910748196	0	0	0	0	0	0
